1
2
3
4
1
2
1
2
1
2
5
6
7
8
9
10
11
12
13
14
15
16
17
18
19
20
21
22
23
24
25
9
10
26
27
28
29
30
31
32
9
10
11
12
13
14
9
10
11
12
13
14
15
16
17
18
19
20
21
22
23
24
9
25
10
26
9
10
33
9
10
11
12
13
14
9
10
11
12
13
14
15
16
17
18
19
20
21
22
23
24
25
9
10
26
9
10
15
16
17
18
19
20
21
22
23
24
25
9
10
26
5
6
5
6
5
6
3
4
5
6
34
35
36
32
32
1
2
3
4
1
2
1
2
1
2
5
6
7
8
32
9
10
11
12
13
14
37
37
37
15
16
17
18
19
20
21
22
23
24
9
25
10
26
37
37
37
38
37
38
15
16
17
18
19
20
21
22
23
24
25
9
10
26
27
28
29
30
31
39
40
9
10
11
12
13
15
16
17
18
19
20
21
22
23
24
9
25
10
26
14
9
10
11
12
13
14
15
16
17
18
19
20
21
22
23
24
25
9
10
26
5
6
5
6
5
6
3
4
5
6
34
32
32
1
2
3
4
1
2
1
2
1
2
5
6
7
8
15
16
17
18
19
20
21
22
23
24
9
25
10
26
9
10
11
12
13
37
14
38
9
10
11
12
13
41
42
43
44
45
46
47
48
14
9
10
11
12
13
14
49
50
9
10
11
12
13
51
14
15
16
17
18
19
20
21
22
23
24
9
25
10
26
9
10
11
12
13
14
27
28
29
30
52
52
52
52
53
54
54
53
54
54
53
55
55
53
56
56
57
58
15
16
17
18
19
20
21
22
23
24
9
25
10
26
15
16
17
18
19
20
21
22
23
24
9
25
10
26
5
6
5
6
5
6
3
4
5
6
34
32
32
1
2
3
4
1
2
1
2
1
2
5
6
7
8
15
16
17
18
19
20
21
22
23
24
9
25
10
26
15
16
17
18
19
20
21
22
23
24
9
25
10
26
27
28
29
30
31
59
15
16
17
18
19
20
21
22
23
24
9
25
10
26
15
16
17
18
19
20
21
22
23
24
25
9
10
26
15
16
17
18
19
20
21
22
23
24
9
25
10
26
5
6
5
6
5
6
3
4
5
6
34
32
32
1
2
3
4
1
2
1
2
1
2
5
6
7
8
15
16
17
18
19
20
21
22
23
24
9
25
10
26
15
16
17
18
19
20
21
22
23
24
25
9
10
26
27
28
29
30
31
15
16
17
18
19
20
21
22
23
24
9
25
10
26
15
16
17
18
19
20
21
22
23
24
9
25
10
26
5
6
5
6
5
6
3
4
5
6
34
32
32
1
2
3
4
1
2
1
2
1
2
5
6
7
8
15
16
17
18
19
20
21
22
23
24
9
25
10
26
32
32
17
60
61
61
62
9
60
63
10
26
64
65
65
66
67
68
69
70
71
71
60
61
71
71
71
60
71
71
72
73
73
60
74
75
73
17
76
15
77
16
17
18
19
20
21
22
23
24
73
71
66
78
60
79
71
25
60
60
61
61
80
70
26
81
79
72
73
73
73
82
83
84
85
60
63
64
61
61
65
65
66
67
9
72
10
26
86
87
88
60
69
70
71
71
60
61
71
71
71
60
71
71
73
73
60
74
75
73
17
15
16
17
18
19
20
21
22
23
24
73
71
66
60
71
60
78
79
60
61
25
61
80
70
26
81
72
79
82
83
84
85
60
63
64
65
61
65
61
66
67
26
72
86
87
88
60
69
70
71
71
60
61
71
71
71
60
71
71
73
73
60
74
75
73
17
15
16
17
18
19
20
21
22
23
24
73
71
66
25
60
71
78
79
60
60
61
61
80
70
26
81
72
79
73
73
73
82
83
84
85
60
63
64
65
65
66
61
67
61
9
72
10
26
86
87
88
60
69
70
71
71
60
61
71
71
71
60
71
71
73
73
60
74
75
73
17
15
16
17
18
19
20
21
22
23
24
73
71
66
78
79
60
71
25
60
60
61
61
80
70
26
81
89
82
84
83
72
85
60
63
79
64
65
61
65
61
66
67
26
72
86
87
88
60
69
70
71
71
60
61
71
71
71
60
71
71
73
73
60
74
75
73
17
15
16
17
18
19
20
21
22
23
24
73
71
66
60
71
78
25
60
60
79
61
61
80
70
26
81
72
79
73
73
73
27
28
29
30
52
52
52
52
53
54
54
53
54
54
53
55
55
53
56
56
57
84
82
83
85
60
63
64
65
65
66
67
61
61
72
9
10
26
86
87
88
60
69
70
71
71
60
61
71
71
71
60
71
71
73
73
60
74
75
73
17
15
16
17
18
19
20
21
22
23
24
73
71
66
78
79
60
71
25
60
60
61
61
80
70
26
81
72
79
73
73
73
84
82
83
85
60
63
64
65
65
66
67
61
61
9
72
10
26
86
87
88
60
69
70
71
71
60
61
71
71
71
60
71
71
73
73
60
74
75
73
17
15
16
17
18
19
20
21
22
23
24
73
71
60
66
71
60
78
60
61
79
25
61
80
70
26
81
72
79
73
73
73
15
16
17
18
19
20
21
22
23
24
25
9
10
26
90
91
92
92
93
93
93
94
95
96
97
98
99
100
100
100
101
102
103
104
105
105
106
107
108
109
109
109
109
110
110
109
109
109
109
109
109
111
112
113
114
115
114
116
117
118
119
120
121
121
122
123
123
122
122
125
126
126
127
128
129
129
129
129
129
129
129
129
129
129
129
129
129
129
129
129
129
129
129
129
129
129
129
129
129
129
129
129
129
129
129
129
129
129
129
129
129
129
130
129
129
129
129
129
129
129
130
131
129
129
129
129
1
129
129
129
129
129
129
129
129
129
129
129
129
129
129
129
129
129
129
129
129
129
129
129
129
129
129
129
129
129
129
129
129
129
129
129
129
129
129
129
129
129
129
129
129
129
129
129
129
129
129
129
129
129
129
129
129
129
129
129
129
129
129
129
129
2
129
129
129
129
129
129
129
129
129
129
129
3
4
129
129
129
129
132
132
1
132
133
135
136
118
118
2
118
137
138
135
135
135
135
139
1
2
140
1
141
141
141
141
141
141
2
141
141
141
141
5
141
141
141
141
6
141
141
141
141
7
141
141
141
8
141
141
141
141
141
142
141
141
141
66
141
141
141
143
141
144
141
141
141
141
141
141
141
141
144
141
141
141
95
141
141
141
141
141
141
141
141
141
141
141
145
141
141
141
141
141
146
141
141
141
141
141
141
141
141
141
147
148
149
150
151
149
150
151
152
153
149
150
151
154
155
156
157
158
159
160
161
162
163
165
166
167
168
169
169
8
170
171
172
141
141
141
141
141
141
141
141
141
141
141
141
141
141
141
141
141
141
141
141
141
141
141
141
141
141
141
141
141
141
141
141
141
141
141
141
141
141
141
141
141
141
141
141
141
141
141
141
141
141
141
141
141
141
141
141
141
141
141
173
174
175
176
177
178
178
178
178
178
178
168
179
169
180
181
166
182
183
184
185
186
187
188
189
190
191
192
193
194
195
196
197
197
197
198
178
178
178
178
178
178
178
178
199
178
200
201
202
203
163
204
205
206
207
208
209
210
211
212
213
214
215
216
217
218
219
220
221
222
223
224
225
226
227
227
229
203
230
231
232
233
234
235
236
237
238
239
219
219
219
100
100
100
240
100
100
100
100
241
100
100
242
242
243
244
245
246
247
248
249
250
251
252
128
253
254
255
256
257
258
259
258
258
195
258
258
258
260
261
262
263
264
265
263
266
267
268
269
270
244
271
272
244
273
274
275
276
203
277
278
279
280
281
282
283
284
285
286
287
288
289
289
290
291
292
293
294
294
295
296
297
298
299
300
301
302
303
303
303
303
303
303
303
303
304
305
305
305
305
306
306
307
307
307
307
307
307
307
307
307
307
307
307
307
307
307
307
307
307
307
307
307
307
307
307
307
307
307
307
307
307
307
307
307
308
