15 16 17 18 19 20 21 22 23 24 9 25 10 26 9 10 11 12 13 37 14 38 9 10 11 12 13 41 42 43 44 45 46 47 48 14 9 10 11 12 13 14 49 50 9 10 11 12 13 51 14 15 16 17 18 19 20 21 22 23 24 9 25 10 26 9 10 11 12 13 14 27 28 29 30 52 52 52 52 53 54 54 53 54 54 53 55 55 53 56 56 57 58
621 33 9 10 11 12 13 643 14 9 10 11 12 13 14 9 10 11 12 13 14 9 10 11 12 13 14 15 16 17 18 19 20 21 22 23 24 25 9 10 26 27 28 29 30 31 9 10 11 12 13 621 14 9 10 11 12 13 14 9 10 11 12 13 14 9 10 11 12 13 14 9 10 11 12 13 14 9 10 11 12 13 33 14 9 10 11 12 13 14 9 10 11 12 13 14 15 16 17 18 19 20 21 22 23 24 25 9 10 26 9 10 11 12 13 14 5 6 5 6 5 6 3 4 5 6 34 603 36 32 32 1 2 3 4 1 2 1 2 1 2 5 6 7 8 9 10 11 12 13 14 9 10 11 12 13 14 9 10 11 12 13 14
32 84 82 83 32 85 60 63 64 65 65 66 67 61 61 9 10 26 86 87 88 60 69 70 71 71 60 61 71 71 71 60 71 73 71 73 60 74 75 73 17 15 16 17 18 19 20 21 22 23 24 73 25 71 66 78 79 60 71 60 60 61 61 80 70 26 81 89 644 89 89 644 644 644 644 79 89 89 644 89 89 89 644 89 644 644 644 644 644 644 73 73 73 9 10 11 12 13 14 5 6 5 6 5 6 3 4 5 6 34 603 36 32 32 1 2 3 4 1 2 1 2 1 2 5 6 7 8 27 28 29 30 52 52 52 52 53 54 54 53 54 54 53 55 55 53 56 56 57
15 16 17 18 19 20 21 22 23 24 25 9 10 26 9 10 11 12 13 613 614 615 616 613 614 615 616 585 585 14 585 9 10 11 12 13 585 14 585 15 16 17 18 19 20 21 22 23 24 25 9 10 26 9 10 11 12 13 585 585 585 585 14 9 10 11 12 13 585 14 585 15 16 17 18 19 20 21 22 23 24 25 9 10 26 585 585 37
17 60 61 61 62 9 60 63 10 26 64 65 65 66 67 68 69 70 71 71 60 61 71 71 71 60 71 73 71 73 60 74 75 73 17 76 15 77 16 17 18 19 20 21 22 23 24 73 71 66 60 71 78 79 60 60 61 25 61 80 70 26 81 79 73 73 73 15 16 17 18 19 20 21 22 23 24 25 9 10 26 15 16 17 18 19 20 21 22 23 24 25 9 10 26
27 28 29 30 31 59 15 16 17 18 19 20 21 22 23 24 9 25 10 26 15 16 17 18 19 20 21 22 23 24 25 9 10 26
9 10 11 12 13 5 6 5 6 5 6 3 4 5 6 34 603 36 32 32 1 2 3 4 1 2 1 2 1 2 5 6 7 8 14 15 16 17 18 19 20 21 22 23 24 9 25 10 26 27 28 29 30 31 15 16 17 18 19 20 21 22 23 24 25 9 10 26
32 85 60 63 64 65 65 66 67 61 61 9 10 26 86 87 88 60 69 70 71 71 60 61 71 71 71 60 71 73 71 73 60 74 75 73 17 15 16 17 18 19 20 21 22 23 24 73 25 71 66 78 79 60 71 60 60 61 61 80 70 26 81 89 644 89 89 644 644 644 644 79 89 89 644 89 89 89 644 89 644 644 644 644 644 644 73 73 73 9 10 11 12 13 14 5 6 5 6 5 6 3 4 5 6 34 603 36 32 32 1 2 3 4 1 2 1 2 1 2 5 6 7 8 27 28 29 30 52 52 52 52 53 54 54 53 54 54 53 55 55 53 56 56 57 84 15 16 17 18 19 20 21 22 23 24 9 83 25 82 10 26 85 60 63 64 65 65 66 67 624 61 61 26 86 87 88 60 69 70 71 71 60 61 71 71 71 60 71 73 71 73 60 74 75 73 17 15 16 17 18 19 20 21 22 23 24 73 71 66 60 78 71 79 60 60 61 25 61 80 70 26 81 79 73 73 73
27 28 29 30 52 52 52 52 53 54 54 53 54 54 53 55 55 53 56 56 57 84 15 16 17 18 19 20 21 22 23 24 9 83 25 82 10 26 85 60 63 64 65 65 66 67 624 61 61 26 86 87 88 60 69 70 71 71 60 61 71 71 71 60 71 73 71 73 60 74 75 73 17 15 16 17 18 19 20 21 22 23 24 73 71 66 60 78 71 79 60 60 61 25 61 80 70 26 81 79 73 73 73 15 16 17 18 19 20 21 22 23 24 9 25 10 26
15 16 17 18 19 20 21 22 23 24 9 25 10 26
32 17 60 61 61 62 9 60 63 10 26 64 65 65 66 67 68 69 70 71 71 60 61 71 71 71 60 71 73 71 73 60 74 75 73 17 76 15 77 16 17 18 19 20 21 22 23 24 73 71 66 60 71 78 79 60 60 61 25 61 80 70 26 81 79 73 73 73
27 28 29 30 31 15 16 17 18 19 20 21 22 23 24 9 25 10 26 15 16 17 18 19 20 21 22 23 24 9 25 10 26
15 16 17 18 19 20 21 22 23 24 25 9 10 26 90 91 92 92 93 93 93 94 95 96 97 98
99 100 100 100 101 102 103 104 105 105 106 107 108 109 109 109 109 110 110 109 109 109 109 109 109 111 112 113 114 115 114 116 117 118 119 120 121 121 122 123 123 122 124 122 125 126 126 128 129 129 129 129 129 129 129 129 129 129 129 129 129 129 129 129 129 129 129 129 129 129 129 129 129 129 129 129 129 129 129 129 129 129 129 129 129 129 129 129 129 129 129 129 129 129 129 129 129 129 129 129 129 129 129 129 129 129 129 129 129 129 129 129 129 129 129 129 129 129 129 129 129 129 129 129 129 129 129 129 129 129 129 129 129 129 129 129 129 129 129 129 129 129 129 129 129 129 129 129 129 129 129 129 129 129 129 129 129 129 129 129 129 129 129 129 129 129 129 129 129 129 129 129 129 129 129 129 132 132 132 133 134 134 135 136 118 118 118 137 138 135 135 135 135 139 140 141 141 141 141 141 141 141 141 141 141 141 141 141 141 141 141 141 141 141 141 141 141 141 141 141 141 141 141 141 141 141 141 141 141 141 141 141 141 141 141 141 141 141 141 141 141 141 141 141 141 141 141 141 141 141 141 141 141 141 141 141 141 141 141 141 141 141 141 141 141 141 141 141 141 141 141 141 141 141 141 141 141 141 141 141 141 141 141 141 141 141 141 141 141 141 141 141 141 141 141 141 141 141 141 141 141 141 141 141 141 141 141 141 141 141 141 141 141 141 141 141 141 141 141 141 141 141 141 173 174 175 176 177 178 178 178 178 178 178 178 178 178 178 178 178 178 178 178 200 201 203 204 205 211 212 213 214 215 216 217 218 219 220 221 222 223 224 225 226 227 227 228 229 203 230 231 232 233 234 235 236 237 238 239 219 219 219 100 100 100 100 100 100 100 100 100 242 242 244 246 247 250 251 252 128 253 256 257 258 259 258 258 258 258 258 260 261 262 263 264 265 263 266 267 268 269 270 244 271 272 244 273 274 275 276 203 277 278 279 280 281 282 283 284 285 286 287 288 289 289 290 291 292 293 294 294 295 296 297 298 299 300 301 302 303 303 303 303 303 303 303 303 304 305 305 305 305 306 306 307 307 307 307 307 307 307 307 307 307 307 307 307 307 307 307 307 307 307 307 307 307 307 307 307 307 307 307 307 307 307 307 307 308 309 309 309 309 309 309 309 309 309 309 309 309 309 309 309 309 309 309 309 309 309 309 309 309 309 309 309 309 309 309 309 309 307 307 307 310 307 311 308 308 308 308 308 308 308 308 307 311 308 308 308 308 308 308 308 308 308 308 308 308 308 308 308 308 308 308 308 308 308 308 308 308 312 313 312 312 314 315 316 317 318 319 283 320 320 320 296 321 322 323 324 325 326 327 328 329 330 330 330 330 330 330 331 203 332 332 333 334 334 334 334 334 334 334 334 334 334 334 334 334 334 334 334 334 334 334 334 334 334 334 334 334 334 334 334 334 334 334 334 334 334 334 334 334 334 334 334 334 334 334 334 334 334 334 334 334 334 334 334 334 334 334 334 334 334 334 334 334 334 334 334 334 334 334 334 334 334 334 334 334 334 334 334 334 334 334 334 334 334 334 334 308 308 335 335 336 333 308 335 335 336 308 335 335 336 308 335 335 336 308 335 336 308 335 336 308 335 336 308 335 336 308 335 336 333 308 335 335 336 308 335 335 336 308 335 335 336 308 335 336 308 335 336 308 335 336 308 335 336 308 335 336 308 335 335 336 308 335 335 336 308 335 335 336 308 335 336 308 335 336 308 335 336 308 335 336 308 335 336 308 335 335 336 308 335 335 336 308 335 336 308 335 336 308 335 336 308 335 336 308 335 336 308 335 336 280 239 239 337 219 219 280 338 339 340 341 342 203 327 219 343 344 345 346 346 317 347 348 349 280 349 350 351 352 352 353 354 354 354 354 354 354 354 354 354 354 354 354 354 354 354 354 354 354 354 354 354 354 354 354 354 354 354 354 354 354 354 354 354 354 356 357 357 357 357 357 357 357 357 2 357 357 357 357 357 357 1 357 357 357 2 357 357 357 357 357 357 5 357 357 357 357 6 357 357 357 357 357 358 7 359 360 361 362 363 364 365 366 367 368 369 369 370 370 371 372 373 374 375 376 377 378 379 380 381 382 383 384 372 373 385 386 375 387 388 378 379 380 381 382 383 384 320 320 389 390 391 391 393 397 399 399 394 395 396 398 400 320 402 403 404 405 406 280 409 280 410 410 410 410 412 413 414 407 411 415 416 417 408 378 379 418 419 420 421 408 378 379 418 423 383 384 424 425 426 427 428 429 430 431 430 430 432 408 378 379 433 419 382 434 435 436 437 439 438 440 441 442 441 443 444 445 446 441 447 441 441 448 449 441 441 441 444 453 444 454 455 456 457 458 459 459 459 460 461 461 462 606 463 464 465 466 467 468 469 470 476 471 472 473 474 475 477 478 480 481 479 482 284 485 422 483 484 486 487 488 489 490 491 280 492 493 493 493 320 494 606 142 66 143 130 130 8 127 9 131 145 146 152 153 147 95 153 149 150 151 149 150 151 157 158 159 154 156 155 160 161 162 163 164 164 164 164 164 164 164 280 164 165 166 167 168 169 169 8 170 171 172 607 168 179 166 169 180 181 182 183 184 185 187 188 189 186 190 191 192 193 194 195 196 197 197 197 198 199 202 163 207 206 208 209 240 241 243 210 245 248 249 195 160 355 241 392 401 450 497 451 452 197 9 498 499 500 501 504 505 506 503 9 507 507 507 507 507 509 516 511 10 511 514 515 159 517 10 518 519 520 520 521 69 521 522 523 523 524 524 524 524 526 526 526 527 88 528 529 530 528 529 530 60 534 87 88 531 60 532 69 70 71 71 60 61 71 71 71 60 71 73 71 73 60 74 75 73 533 535 17 76 15 77 16 17 18 19 20 21 22 23 24 73 71 66 78 60 79 71 25 60 60 61 61 80 70 9 10 26 79 545 609 536 495 496 493 537 538 539 5 6 5 6 5 6 3 4 5 6 34 540 541 542 544 73 73 73 27 28 29 30 52 52 52 52 53 54 54 53 54 54 53 55 55 53 56 56 57 15 16 17 18 19 20 21 22 23 24 25 9 10 26 9 10 11 12 13 153 546 153 153 547 1 2 3 4 1 2 1 2 1 2 5 6 7 8 539 5 6 5 6 5 6 3 4 5 6 34 548 610 610 610 610 550 540 541 542 551 552 551 37 553 554 555 556 557 553 554 611 611 197 197 194 9 558 559 10 560 37 588 588 566 612 588 566 612 588 612 588 612 588 612 567 567 567 588 588 566 612 588 566 612 588 612 588 612 588 612 567 567 567 570 588 588 566 612 588 566 612 588 612 588 612 588 612 588 588 566 612 588 566 612 588 612 588 612 588 612 567 567 567 567 567 567 588 588 566 612 588 566 612 588 612 588 612 588 612 567 567 567 571 571 567 567 567 561 573 573 567 567 567 571 571 567 567 567 562 573 573 567 567 502 567 574 10 563 575 576 576 577 578 578 578 579 578 580 584 581 582 583 583 583 9 10 574 209 586 587 587 5 10 588 589 589 589 589 14 585 590 591 5 589 589 589 589 590 15 16 17 18 19 20 21 22 23 24 9 25 10 26 15 16 17 18 19 20 21 22 23 24 9 25 10 26 15 16 508 17 18 19 20 21 22 23 24 9 25 10 26 5 6 5 6 5 6 3 4 5 6 34 36 32 32 1 2 3 4 1 2 1 2 1 2 5 6 7 8 15 16 17 18 19 20 21 22 23 24 9 25 10 26 27 28 29 30 31 15 16 17 18 19 20 21 22 23 24 25 9 10 26 9 10 11 12 13 615 616 615 616 585 585 14 585 9 10 11 12 13 585 14 585 15 16 17 18 19 20 21 22 23 24 510 25 9 10 26 9 10 11 12 13 585 585 585 585 14 9 10 11 510 12 13 585 14 585 15 16 17 18 19 20 21 22 23 24 25 9 10 26 585 585 37 38 512 513 617 618 619 619 619 619 620 32 5 6 5 6 5 6 3 4 5 6 34 36 32 32 1 2 3 4 1 2 1 2 1 2 5 6 7 8 15 16 17 18 19 20 21 22 25 23 24 9 10 26 27 28 29 30 31 9 10 11 12 13 14 539 15 16 17 18 19 20 25 21 22 23 24 9 10 26 9 10 11 12 13 621 14 9 10 11 12 13 14 32 15 16 17 18 19 20 21 22 23 24 25 9 10 26 15 16 17 18 19 20 21 22 23 24 9 25 10 26 32 9 10 11 12 13 14 622 623 60 63 64 65 65 66 67 624 61 88 626 9 32 628 611 611 10 26 629 629 629 629 630 632 638 639 640 641 641 622 623 60 611 611 534 87 88 531 61 60 69 70 71 71 60 61 71 71 71 60 71 73 71 73 60 74 75 73 17 76 15 77 16 17 18 19 20 21 22 23 24 73 71 60 71 66 78 79 25 60 60 61 61 80 70 26 81 79 73 73 73 9 10 11 12 13 14 9 10 11 12 13 14 15 16 17 18 19 20 21 22 23 24 9 25 10 26 9 10 11 12 13 643 643 14 621 9 10 11 12 13 14 27 28 29 30 52 52 52 52 53 54 54 53 54 54 53 55 55 53 56 56 57 9 10 33 15 16 17 18 19 20 21 22 23 24 9 25 10 26 33 5 6 5 6 5 6 3 4 5 6 34 36 32 32 1 2 3 4 1 2 1 2 1 2 5 6 7 8 33 33 621 33 33 33 33 9 10 11 12 13 14 15 16 17 18 19 20 21 22 23 24 9 25 10 26 9 10 11 12 13 14 9 10 11 12 13 14 15 16 17 18 19 20 21 22 23 24 25 9 10 26 33 33 9 10 11 12 13 14 9 10 11 12 13 621 14 15 16 17 18 19 20 21 22 23 24 9 25 10 26 621 33 9 10 11 12 13 643 14 9 10 11 12 13 14 9 10 11 12 13 14 9 10 11 12 13 14 15 16 17 18 19 20 21 22 23 24 25 9 10 26 27 28 29 30 31 9 10 11 12 13 621 14 9 10 11 12 13 14 9 10 11 12 13 14 9 10 11 12 13 14 9 10 11 12 13 14 9 10 11 12 13 33 14 9 10 11 12 13 14 9 10 11 12 13 14 15 16 17 18 19 20 21 22 23 24 25 9 10 26 9 10 11 12 13 14 5 6 5 6 5 6 3 4 5 6 34 36 32 32 1 2 3 4 1 2 1 2 1 2 5 6 7 8 9 10 11 12 13 14 9 10 11 12 13 14 9 10 11 12 13 14 9 10 11 12 13 14 9 10 11 12 13 14 9 10 11 12 13 14 33 9 10 11 12 13 15 16 17 18 19 20 21 22 23 24 9 25 10 26 14 9 10 11 12 13 14 33 15 16 17 18 19 20 21 22 23 24 9 25 10 26 547 15 16 17 18 19 20 21 22 23 24 9 25 10 26 9 10 11 12 13 14 27 28 29 30 31 15 16 17 18 19 20 21 22 23 24 9 25 10 26 5 6 5 6 5 6 3 4 5 6 34 36 32 32 1 2 3 4 1 2 1 2 1 2 5 6 7 8 15 16 17 18 19 20 21 22 23 24 9 25 10 26 9 10 11 12 13 14 82 83 85 60 63 64 65 65 66 67 624 61 61 9 10 26 87 88 60 69 70 71 71 60 61 71 71 71 60 71 73 71 73 60 74 75 73 17 15 16 17 18 19 20 21 22 23 24 73 71 66 78 79 25 60 71 60 60 61 61 80 70 26 81 89 644 89 89 644 644 79 89 644 89 89 644 644 644 89 89 644 644 89 644 644 644 644 644 644 82 83 85 60 63 64 65 65 66 67 61 61 9 10 26 87 88 60 69 70 71 71 60 61 71 71 71 60 71 73 71 73 60 74 75 73 17 15 16 17 18 19 20 21 22 23 24 73 71 66 78 79 60 25 71 60 60 61 61 80 70 26 81 79 73 73 73 15 16 17 18 19 20 21 22 23 24 25 9 10 26 15 16 17 18 19 20 21 22 23 24 9 25 10 26 9 10 11 12 13 14 32 82 83 32 85 60 63 64 65 65 66 67 61 61 9 10 26 87 88 60 69 70 71 71 60 61 71 71 71 60 71 73 71 73 60 74 75 73 17 15 16 17 18 19 20 21 22 23 24 73 25 71 66 78 79 60 71 60 60 61 61 80 70 26 81 89 644 89 89 644 644 644 644 79 89 89 644 89 89 89 644 89 644 644 644 644 644 644 73 73 73 9 10 11 12 13 14 5 6 5 6 5 6 3 4 5 6 34 36 32 32 1 2 3 4 1 2 1 2 1 2 5 6 7 8 27 28 29 30 52 52 52 52 53 54 54 53 54 54 53 55 55 53 56 56 57 15 16 17 18 19 20 21 22 23 24 9 83 25 82 10 26 85 60 63 64 65 65 66 67 624 61 61 26 87 88 60 69 70 71 71 60 61 71 71 71 60 71 73 71 73 60 74 75 73 17 15 16 17 18 19 20 21 22 23 24 73 71 66 60 78 71 79 60 60 61 25 61 80 70 26 81 79 73 73 73 15 16 17 18 19 20 21 22 23 24 9 25 10 26 15 16 17 18 19 20 21 22 23 24 9 25 10 26 15 16 17 18 19 20 21 22 23 24 9 25 10 26 32 17 60 61 61 62 9 60 63 10 26 64 65 65 66 67 68 69 70 71 71 60 61 71 71 71 60 71 73 71 73 60 74 75 73 17 76 15 77 16 17 18 19 20 21 22 23 24 73 71 66 60 25 78 79 71 60 60 61 61 80 70 26 79 81 73 73 73 27 28 29 30 31 15 16 17 18 19 20 21 22 23 24 9 25 10 26 15 16 17 18 19 20 21 22 23 24 9 25 10 26 15 16 17 18 19 20 21 22 23 24 9 25 10 26 5 6 5 6 5 6 3 4 5 525 6 34 36 437 36 36 32 32 1 2 3 4 1 2 1 2 1 2 5 6 7 8 169 169 8 170 171 172 168 179 166 169 180 181 182 183 186 184 185 187 188 189 190 193 191 192 194 195 196 197 197 197 198 199 202 207 206 208 163 209 245 210 240 241 243 248 249 195 160 355 241 392 401 450 9 498 497 451 452 197 499 500 501 504 505 506 507 507 507 507 507 9 535 516 10 503 509 517 511 511 514 515 159 10 518 519 520 520 521 69 521 522 523 523 524 524 524 524 526 526 526 527 88 528 529 530 528 529 530 60 534 87 88 531 60 532 69 533 70 71 71 60 61 71 71 71 60 71 73 71 73 60 74 75 73 17 76 15 77 16 17 18 19 20 21 22 23 24 73 71 66 78 79 60 71 25 60 60 61 61 80 70 9 10 26 89 79 89 89 644 89 644 644 644 545 644 645 645 646 647 648 649 609 644 89 89 89 644 644 536 537 538 539 5 6 5 6 5 6 3 4 5 6 34 644 644 540 541 542 544 644 644 9 10 11 12 13 153 153 546 153 547 1 2 3 4 1 2 1 2 1 2 5 6 7 8 539 5 6 5 6 5 6 3 4 5 6 34 548 650 650 650 650 550 540 541 542 551 552 551 37 553 554 555 556 557 553 554 651 651 197 197 194 9 558 559 10 560 37 561 562 563 588 588 566 612 588 566 612 588 612 588 612 588 612 588 588 566 612 588 566 612 588 612 588 612 588 612 567 567 567 567 567 567 588 588 566 612 588 566 612 588 612 588 612 588 612 567 567 567 588 588 566 612 588 566 612 588 612 588 612 588 612 567 567 567 588 588 566 612 588 566 612 588 612 588 612 588 612 567 567 567 573 573 567 567 567 571 571 567 567 567 570 571 571 567 567 567 573 573 567 567 567 574 588 588 10 575 576 576 577 578 578 578 579 578 584 9 89 580 581 582 583 583 583 89 10 89 644 644 73 73 73 89 89 89 644 644 574 209 586 587 587 644 5 10 588 589 589 589 589 644 14 585 585 590 591 5 589 589 589 589 590 585 585 9 10 11 12 13 14 585 585 585 585 585 585 9 10 11 12 13 621 14 585 27 28 29 30 652 652 652 652 54 54 54 54 55 55 56 56 57 585 585 169 169 8 170 171 607 172 168 179 169 180 181 166 182 183 186 653 184 185 187 188 189 190 193 191 192 194 195 196 197 197 197 198 199 202 163 207 206 208 209 245 210 240 241 243 248 249 195 160 355 241 392 401 450 497 10 451 452 197 499 9 500 498 501 503 509 511 511 9 504 505 10 506 514 515 159 507 507 507 507 507 516 517 10 518 519 520 520 521 69 521 522 523 523 524 524 524 524 526 526 526 527 88 528 529 530 528 529 530 60 88 531 534 87 532 60 69 70 71 71 60 61 71 71 71 60 71 73 71 73 60 74 75 73 533 17 76 535 79 15 77 16 17 18 19 20 21 22 23 24 73 71 66 78 79 60 71 25 60 60 61 61 80 70 9 10 26 545 645 645 646 647 648 609 649 536 537 538 539 5 6 5 6 5 6 3 4 5 6 34 540 541 542 544 543 9 10 11 12 13 153 546 153 153 547 1 2 3 4 1 2 1 2 1 2 5 6 7 8 539 5 6 5 6 5 6 3 4 5 6 34 548 654 654 654 654 550 540 541 542 551 552 551 37 553 554 553 554 555 556 557 651 651 493 493 491 197 197 194 9 558 559 10 560 561 562 563 37 588 588 566 612 588 566 612 588 612 588 612 588 612 567 567 567 570 588 588 566 612 588 566 612 588 612 588 612 588 612 588 588 566 612 588 566 612 588 612 588 612 588 612 567 567 567 588 588 566 612 588 566 612 588 612 588 612 588 612 567 567 567 567 567 567 588 588 566 612 588 566 612 588 612 588 612 588 612 575 576 576 567 567 567 571 571 567 567 567 564 556 557 573 573 567 567 567 571 571 567 567 567 573 573 567 567 567 574 10 73 73 73 577 578 578 578 579 578 584 585 9 580 581 582 583 583 583 10 14 574 209 586 587 587 5 10 588 589 589 589 589 585 655 82 83 85 60 63 656 64 61 65 65 66 67 61 9 10 26 437 87 88 60 69 70 71 71 60 61 71 71 71 60 71 73 71 73 60 74 75 73 17 15 16 17 18 19 20 21 22 23 24 73 71 66 60 78 79 71 25 60 60 61 61 80 70 26 81 79 590 591 5 589 589 589 589 590 73 73 73 82 655 83 85 60 63 64 65 65 66 67 61 61 9 10 26 437 87 88 60 69 70 71 71 60 61 71 71 71 60 71 73 71 73 60 74 75 73 82 655 83 79 17 15 85 60 63 64 65 61 437 87 88 60 69 70 71 71 60 61 71 71 71 60 71 73 71 73 60 74 75 73 17 15 16 17 18 19 20 21 22 23 24 73 71 66 60 78 79 71 60 25 60 61 61 80 70 26 81 79 73 73 73 655 82 83 85 60 63 64 65 65 66 67 61 61 9 10 26 437 87 88 60 69 70 71 71 60 61 71 71 71 60 71 73 71 73 60 74 75 73 17 15 16 17 18 19 20 21 22 23 24 73 71 66 60 71 60 60 61 78 79 25 61 80 70 26 81 79 655 82 83 85 60 63 64 65 65 66 67 61 61 26 437 87 88 60 69 70 71 71 60 61 71 71 71 60 71 73 71 73 60 74 75 73 17 15 16 17 18 19 20 21 22 23 24 73 71 66 60 78 79 25 71 60 60 61 61 80 70 26 81 79 73 73 73 655 82 83 85 60 63 64 61 61 65 65 66 67 9 10 26 437 87 88 60 69 70 71 71 60 61 71 71 71 60 71 73 71 73 60 74 75 73 17 15 16 17 18 19 20 21 22 23 24 73 71 66 78 79 60 25 71 60 60 61 61 80 70 26 81 79 73 73 73 655 82 83 85 60 63 656 64 61 61 65 65 66 67 9 10 26 27 437 87 88 60 69 70 71 71 60 61 71 71 71 60 71 73 71 73 60 74 75 73 17 28 29 30 15 16 17 18 19 20 21 22 23 24 73 71 66 78 79 60 71 60 60 61 52 25 52 52 61 80 70 26 52 81 53 54 54 53 54 54 53 55 55 53 56 56 57 79 73 73 73
99 100 100 100 101 102 103 104 105 105 106 107 108 109 109 109 109 110 110 109 109 109 109 109 109 111 112 113 114 115 114 116 117 118 119 120 121 121 122 123 123 122 124 122 125 126 126 127 128 129 129 129 129 129 129 129 129 129 129 129 129 129 129 129 129 129 129 129 129 129 129 129 129 129 129 129 129 129 129 129 129 129 129 129 129 129 129 130 129 129 129 129 129 129 129 130 131 129 129 129 129 1 129 129 129 129 129 129 129 129 129 129 129 129 129 129 129 129 129 129 129 129 129 129 129 129 129 129 129 129 129 129 129 129 129 129 129 129 129 129 129 129 129 129 129 129 129 129 129 129 129 129 129 129 129 129 129 129 129 129 129 129 129 129 129 129 2 129 129 129 129 129 129 129 129 129 129 129 3 4 129 129 129 129 132 132 1 132 133 134 134 135 136 118 118 2 118 137 138 135 135 135 135 139 1 2 140 1 141 141 141 141 141 141 2 141 141 141 141 5 141 141 141 141 6 141 141 141 141 7 141 141 141 8 141 141 141 141 141 142 141 141 141 66 141 141 141 143 141 144 141 141 141 141 141 141 141 141 144 141 141 141 95 141 141 141 141 141 141 141 141 141 141 141 145 141 141 141 141 141 146 141 141 141 141 141 141 141 141 141 147 148 149 150 151 149 150 151 152 153 149 150 151 154 155 156 157 158 159 160 161 162 163 164 164 164 164 164 164 164 164 165 166 167 168 169 169 8 170 171 172 141 141 141 141 141 141 141 141 141 141 141 141 141 141 141 141 141 141 141 141 141 141 141 141 141 141 141 141 141 141 141 141 141 141 141 141 141 141 141 141 141 141 141 141 141 141 141 141 141 141 141 141 141 141 141 141 141 141 141 173 174 175 176 177 178 178 178 178 178 178 168 179 169 180 181 166 182 183 184 185 186 187 188 189 190 191 192 193 194 195 196 197 197 197 198 178 178 178 178 178 178 178 178 199 178 200 201 202 203 163 204 205 206 207 208 209 210 211 212 213 214 215 216 217 218 219 220 221 222 223 224 225 226 227 227 228 229 203 230 231 232 233 234 235 236 237 238 239 219 219 219 100 100 100 240 100 100 100 100 241 100 100 242 242 243 244 245 246 247 248 249 250 251 252 128 253 254 255 256 257 258 259 258 258 195 258 258 258 260 261 262 263 264 265 263 266 267 268 269 270 244 271 272 244 273 274 275 276 203 277 278 279 280 281 282 283 284 285 286 287 288 289 289 290 291 292 293 294 294 295 296 297 298 299 300 301 302 303 303 303 303 303 303 303 303 304 305 305 305 305 306 306 307 307 307 307 307 307 307 307 307 307 307 307 307 307 307 307 307 307 307 307 307 307 307 307 307 307 307 307 307 307 307 307 307 308 309 309 309 309 309 309 309 309 309 309 309 309 309 309 309 309 309 309 309 309 309 309 309 309 309 309 309 309 309 309 309 309 307 307 307 310 307 311 308 308 308 308 308 308 308 308 307 311 308 308 308 308 308 308 308 308 308 308 308 308 308 308 308 308 308 308 308 308 308 308 308 308 312 313 312 312 314 315 316 317 318 319 283 320 320 320 296 321 322 323 324 325 326 327 328 329 330 330 330 330 330 330 331 203 332 332 333 334 334 334 334 334 334 334 334 334 334 334 334 334 334 334 334 334 334 334 334 334 334 334 334 334 334 334 334 334 334 334 334 334 334 334 334 334 334 334 334 334 334 334 334 334 334 334 334 334 334 334 334 334 334 334 334 334 334 334 334 334 334 334 334 334 334 334 334 334 334 334 334 334 334 334 334 334 334 334 334 334 334 334 334 308 308 335 335 336 333 308 335 335 336 308 335 335 336 308 335 335 336 308 335 336 308 335 336 308 335 336 308 335 336 308 335 336 333 308 335 335 336 308 335 335 336 308 335 335 336 308 335 336 308 335 336 308 335 336 308 335 336 308 335 336 308 335 335 336 308 335 335 336 308 335 335 336 308 335 336 308 335 336 308 335 336 308 335 336 308 335 336 308 335 335 336 308 335 335 336 308 335 336 308 335 336 308 335 336 308 335 336 308 335 336 308 335 336 280 239 239 337 219 219 280 338 339 340 341 342 203 327 219 343 344 345 346 346 317 347 348 349 280 349 350 351 352 352 353 354 354 354 354 354 354 354 354 354 354 354 354 354 354 354 354 354 354 354 354 160 355 354 354 354 354 354 354 354 354 354 354 354 354 354 354 356 357 357 357 357 357 357 357 357 357 357 357 357 357 357 357 357 357 357 357 357 357 357 357 357 357 357 357 357 357 357 357 357 358 359 360 361 362 363 364 365 366 367 368 369 369 370 370 371 372 373 374 375 376 377 378 379 380 381 382 383 384 372 373 385 386 375 387 388 378 379 380 381 382 241 383 384 320 320 389 390 391 391 392 393 394 395 396 397 398 399 399 400 401 320 402 403 404 405 406 280 407 408 409 280 410 410 411 410 410 412 413 414 415 416 417 378 379 418 419 420 421 408 422 378 379 418 423 383 384 424 425 426 427 428 408 429 430 431 430 430 432 378 379 433 419 382 434 435 436 437 438 439 440 441 442 441 443 444 445 446 441 447 441 441 448 449 441 441 450 451 452 441 444 453 444 454 455 456 457 458 459 459 459 460 461 461 462 463 464 465 466 467 468 469 470 471 472 473 474 475 476 477 478 479 480 481 482 284 483 484 485 486 487 488 489 490 491 280 492 493 493 493 320 494 280 495 496 493 197 497 9 498 499 500 501 502 503 504 505 506 9 507 507 507 507 508 507 509 510 511 510 511 512 513 514 515 516 159 10 517 10 518 519 520 520 521 69 521 522 523 523 524 524 524 524 525 437 526 526 526 527 88 528 529 530 528 529 530 60 88 531 60 69 532 70 71 71 60 61 71 71 71 60 71 73 71 533 73 60 74 534 87 75 73 17 76 535 79 15 77 16 17 18 19 20 21 22 23 24 73 71 66 78 79 60 71 25 60 60 61 61 80 70 9 10 26 81 536 537 538 539 5 6 5 6 5 6 3 4 5 6 34 540 541 542 543 544 545 73 73 73
15 16 17 18 19 20 21 22 23 24 25 9 10 26 15 16 17 18 19 20 21 22 23 24 25 9 10 26 27 28 29 30 52 52 52 52 53 54 54 53 54 54 53 55 55 53 56 56 57
27 28 29 30 31 15 16 17 18 19 20 21 22 23 24 25 9 10 26 15 16 17 18 19 20 21 22 23 24 9 25 10 26
15 16 17 18 19 20 21 22 23 24 9 25 10 26 5 6 5 6 5 6 3 4 5 6 34 35 36 35 36 32 32 15 16 17 18 19 20 21 22 23 24 25 9 10 26 27 28 29 30 31 15 16 17 18 19 20 21 22 23 24 9 25 10 26
547 15 16 17 18 19 20 21 22 23 24 9 25 10 26 9 10 11 12 13 14 27 28 29 30 31 15 16 17 18 19 20 21 22 23 24 9 25 10 26
15 16 17 18 19 20 21 22 23 24 9 25 10 26 5 6 5 6 5 6 3 4 5 6 34 32 32 1 2 3 4 1 2 1 2 1 2 5 6 7 8 15 16 17 18 19 20 21 22 23 24 9 25 10 26
1 2 3 4 1 2 1 2 1 2 5 6 7 8 15 16 17 18 19 20 21 22 23 24 9 25 10 26 27 28 29 30 31 15 16 17 18 19 20 21 22 23 24 25 9 10 26
9 10 33 9 10 11 12 13 14 9 10 11 12 13 14 15 16 17 18 19 20 21 22 23 24 25 9 10 26 9 10 15 16 17 18 19 20 21 22 23 24 25 9 10 26 5 6 5 6 5 6 3 4 5 6 34 35 36 32 32 1 2 3 4 1 2 1 2 1 2 5 6 7 8 32
15 16 17 18 25 19 20 21 22 23 24 9 10 26 9 10 11 12 13 90 93 93 93 94 604 605 153 1 2 3 4 1 2 1 98
9 10 11 12 13 14 539 15 16 17 18 19 20 25 21 22 23 24 9 10 26 9 10 11 12 13 621 14 9 10 11 12 13 14 32 15 16 17 18 19 20 21 22 23 24 25 9 10 26
9 10 33 9 10 11 12 13 14 15 16 17 18 19 20 21 22 23 24 9 25 10 26 9 10 11 12 13 14 9 10 11 12 13 14 15 16 17 18 19 20 21 22 23 24 9 25 10 26 5 6 5 6 5 6 3 4 5 6 34 35 36 32 32 15 16 17 18 19 20 21 22 23 24 9 25 10 26
627 32 628 611 611 10 26 629 629 629 629 630 631 632 633 634 635 636 637 638 639 640 641 641 622 623 60 611 611 642 86 534 87 88 531 61 60 69 70 71 71 60 61 71 71 71 60 71 73 71 73 60 74 75 73 17 76 15 77 16 17 18 19 20 21 22 23 24 73 71 60 71 66 78 79 25 60 60 61 61 80 70 26 81 79 73 73 73 9 10 11 12 13 14 9 10 11 12 13 14 15 16 17 18 19 20 21 22 23 24 9 25 10 26 9 10 11 12 13 643 643 14 621
9 10 11 12 13 15 16 17 18 19 20 21 22 23 24 9 25 10 26 14 9 10 11 12 13 14 15 16 17 18 19 20 21 22 23 24 25 9 10 26 5 6 5 6 5 6 3 4 5 6 34 32 32 1 2 3 4 1 2 1 2 1 2 5 6 7 8
32 9 10 11 12 13 14 9 10 11 12 13 14 15 16 17 18 19 20 21 22 23 24 9 25 10 26 9 10 33 9 10 11 12 13 14 9 10 11 12 13 14 15 16 17 18 19 20 21 22 23 24 25 9 10 26 9 10
9 10 11 12 13 643 643 14 621 9 10 11 12 13 14 27 28 29 30 52 52 52 52 53 54 54 53 54 54 53 55 55 53 56 56 57 9 10 33 15 16 17 18 19 20 21 22 23 24 9 25 10 26 33 5 6 5 6 5 6 3 4 5 6 34 603 36 32 32 1 2 3 4 1 2 1 2 1 2 5 6 7 8 33 33 621 33 33 33 33 9 10 11 12 13 14 15 16 17 18 19 20 21 22 23 24 9 25 10 26
15 16 17 18 19 20 21 22 25 23 24 9 10 26 27 28 29 30 31 9 10 11 12 13 14 539 15 16 17 18 19 20 25 21 22 23 24 9 10 26 9 10 11 12 13 621 14 9 10 11 12 13 14 32
32
15 16 17 18 19 20 21 22 23 24 9 25 10 26 9 10 11 12 13 14 32 84 82 83
9 10 11 12 13 14 599 149 600 601 602 150 151 599 149 600 601 602 150 151 9 10 11 12 13 14 15 16 17 18 19 20 21 22 23 24 9 25 10 26 15 16 17 18 19 20 21 22 23 24 25 9 10 26 9 10 11 12 13 14
15 16 17 18 19 20 21 22 23 24 9 25 10 26 5 6 5 6 5 6 3 4 5 6 34 35 36 32 32 1 2 3 4 1 2 1 2 1 2 5 6 7 8 15 16 17 18 19 20 21 22 23 24 9 25 10 26 27 28 29 30 31
33 15 16 17 18 19 20 21 22 23 24 9 25 10 26 547 15 16 17 18 19 20 21 22 23 24 9 25 10 26
9 10 11 12 13 14 15 16 17 18 19 20 21 22 23 24 9 25 10 26 9 10 11 12 13 14 599 149 600 601 602 150 151 599 149 600 601 602 150 151 9 10 11 12 13 14 15 16 17 18 19 20 21 22 23 24 9 25 10 26
38 9 10 11 12 13 14 9 10 11 12 13 14 1 2 3 4 1 2 1 2 1 2 5 6 7 8 15 16 17 18 19 20 21 22 23 24 9 25 10 26 9 10 11 12 13 14 9 10 11 12 13 14 9 10 11 12 13 14 9 10 11 12 13 27 28 29 30 31 14 15 16 17 18 19 20 21 22 23 24 9 25 10 26 9 10 11 12 13 14 9 10 11 12 13 14
15 16 17 18 19 20 21 22 23 24 9 25 10 26 15 16 17 18 19 20 21 22 23 24 9 25 10 26 5 6 5 6 5 6 3 4 5 6 34 35 36 32 32
99 100 100 100 101 102 103 104 105 105 106 107 108 109 109 109 109 110 110 109 109 109 109 109 109 111 112 113 114 115 114 116 117 118 119 120 121 121 122 123 123 122 124 122 125 126 126 127 128 129 129 129 129 129 129 129 129 129 129 129 129 129 129 129 129 129 129 129 129 129 129 129 129 129 129 129 129 129 129 129 129 129 129 129 129 129 129 130 129 129 129 129 129 129 129 130 131 129 129 129 129 1 129 129 129 129 129 129 129 129 129 129 129 129 129 129 129 129 129 129 129 129 129 129 129 129 129 129 129 129 129 129 129 129 129 129 129 129 129 129 129 129 129 129 129 129 129 129 129 129 129 129 129 129 129 129 129 129 129 129 129 129 129 129 129 129 2 129 129 129 129 129 129 129 129 129 129 129 3 4 129 129 129 129 132 132 1 132 133 134 134 135 136 118 118 2 118 137 138 135 135 135 135 139 1 2 140 1 141 141 141 141 141 141 2 141 141 141 141 5 141 141 141 141 6 141 141 141 141 7 141 141 141 8 141 141 141 141 141 142 141 141 141 66 141 141 141 143 141 144 141 141 141 141 141 141 141 141 144 141 141 141 95 141 141 141 141 141 141 141 141 141 141 141 145 141 141 141 141 141 146 141 141 141 141 141 141 141 141 141 147 148 149 150 151 149 150 151 152 153 149 150 151 154 155 156 157 158 159 160 161 162 163 164 164 164 164 164 164 164 164 165 166 167 168 169 169 8 170 171 172 141 141 141 141 141 141 141 141 141 141 141 141 141 141 141 141 141 141 141 141 141 141 141 141 141 141 141 141 141 141 141 141 141 141 141 141 141 141 141 141 141 141 141 141 141 141 141 141 141 141 141 141 141 141 141 141 141 141 141 173 174 175 176 177 178 178 178 178 178 178 168 179 169 180 181 166 182 183 184 185 186 187 188 189 190 191 192 193 194 195 196 197 197 197 198 178 178 178 178 178 178 178 178 199 178 200 201 202 203 163 204 205 206 207 208 209 210 211 212 213 214 215 216 217 218 219 220 221 222 223 224 225 226 227 227 228 229 203 230 231 232 233 234 235 236 237 238 239 219 219 219 100 100 100 240 100 100 100 100 241 100 100 242 242 243 244 245 246 247 248 249 250 251 252 128 253 254 255 256 257 258 259 258 258 195 258 258 258 260 261 262 263 264 265 263 266 267 268 269 270 244 271 272 244 273 274 275 276 203 277 278 279 280 281 282 283 284 285 286 287 288 289 289 290 291 292 293 294 294 295 296 297 298 299 300 301 302 303 303 303 303 303 303 303 303 304 305 305 305 305 306 306 307 307 307 307 307 307 307 307 307 307 307 307 307 307 307 307 307 307 307 307 307 307 307 307 307 307 307 307 307 307 307 307 307 308 309 309 309 309 309 309 309 309 309 309 309 309 309 309 309 309 309 309 309 309 309 309 309 309 309 309 309 309 309 309 309 309 307 307 307 310 307 311 308 308 308 308 308 308 308 308 307 311 308 308 308 308 308 308 308 308 308 308 308 308 308 308 308 308 308 308 308 308 308 308 308 308 312 313 312 312 314 315 316 317 318 319 283 320 320 320 296 321 322 323 324 325 326 327 328 329 330 330 330 330 330 330 331 203 332 332 333 334 334 334 334 334 334 334 334 334 334 334 334 334 334 334 334 334 334 334 334 334 334 334 334 334 334 334 334 334 334 334 334 334 334 334 334 334 334 334 334 334 334 334 334 334 334 334 334 334 334 334 334 334 334 334 334 334 334 334 334 334 334 334 334 334 334 334 334 334 334 334 334 334 334 334 334 334 334 334 334 334 334 334 334 308 308 335 335 336 333 308 335 335 336 308 335 335 336 308 335 335 336 308 335 336 308 335 336 308 335 336 308 335 336 308 335 336 333 308 335 335 336 308 335 335 336 308 335 335 336 308 335 336 308 335 336 308 335 336 308 335 336 308 335 336 308 335 335 336 308 335 335 336 308 335 335 336 308 335 336 308 335 336 308 335 336 308 335 336 308 335 336 308 335 335 336 308 335 335 336 308 335 336 308 335 336 308 335 336 308 335 336 308 335 336 308 335 336 280 239 239 337 219 219 280 338 339 340 341 342 203 327 219 343 344 345 346 346 317 347 348 349 280 349 350 351 352 352 353 354 354 354 354 354 354 354 354 354 354 354 354 354 354 354 354 354 354 354 354 160 355 354 354 354 354 354 354 354 354 354 354 354 354 354 354 356 357 357 357 357 357 357 357 357 357 357 357 357 357 357 357 357 357 357 357 357 357 357 357 357 357 357 357 357 357 357 357 357 358 359 360 361 362 363 364 365 366 367 368 369 369 370 370 371 372 373 374 375 376 377 378 379 380 381 382 383 384 372 373 385 386 375 387 388 378 379 380 381 382 241 383 384 320 320 389 390 391 391 392 393 394 395 396 397 398 399 399 400 401 320 402 403 404 405 406 280 407 408 409 280 410 410 411 410 410 412 413 414 415 416 417 378 379 418 419 420 421 408 422 378 379 418 423 383 384 424 425 426 427 428 408 429 430 431 430 430 432 378 379 433 419 382 434 435 436 437 438 439 440 441 442 441 443 444 445 446 441 447 441 441 448 449 441 441 450 451 452 441 444 453 444 454 455 456 457 458 459 459 459 460 461 461 462 463 464 465 466 467 468 469 470 471 472 473 474 475 476 477 478 479 480 481 482 284 483 484 485 486 487 488 489 490 491 280 492 493 493 493 320 494 280 495 496 493 197 497 9 498 499 500 501 502 503 504 505 506 9 507 507 507 507 508 507 509 510 511 510 511 512 513 514 515 516 159 10 517 10 518 519 520 520 521 69 521 522 523 523 524 524 524 524 525 437 526 526 526 527 88 528 529 530 528 529 530 60 88 531 60 69 532 70 71 71 60 61 71 71 71 60 71 73 71 533 73 60 74 534 87 75 73 17 76 535 79 15 77 16 17 18 19 20 21 22 23 24 73 71 66 78 79 60 71 25 60 60 61 61 80 70 9 10 26 81 536 537 538 539 5 6 5 6 5 6 3 4 5 6 34 540 541 542 543 544 545 73 73 73 9 10 11 12 13 153 153 546 153 547 1 2 3 4 1 2 1 2 1 2 5 6 7 8 539 5 6 5 6 5 6 3 4 5 6 34 548 549 549 549 549 550 540 541 542 551 552 551 37 553 554 553 555 556 557 554 130 130 493 493 491 197 197 194 9 558 559 10 560 37 561 562 563 564 556 557 565 565 566 565 565 566 565 565 565 565 565 565 565 565 565 566 565 565 566 565 565 565 565 565 565 565 567 567 567 567 567 567 568 568 566 568 568 566 568 568 568 568 568 568 568 567 567 567 569 569 566 569 569 566 569 569 569 569 569 569 569 567 567 567 570 571 571 567 567 567 572 572 566 572 572 566 572 572 572 572 572 572 572 573 573 567 567 567 567 567 567 571 571 567 567 567 573 573 567 567 567 574 10 575 576 576 577 578 578 579 578 578 580 581 582 583 583 583 584 9 10 585 574 586 209 587 587 5 10 588 589 589 589 589 585 585 14 590 591 5 589 589 589 589 590 27 28 29 30 592 592 592 592 54 54 54 54 55 55 56 56 57 15 16 17 18 19 20 21 22 23 24 25 9 10 26 37 9 10 11 12 13 14 9 10 33 9 10 11 12 13 14
15 16 17 18 19 20 21 22 23 24 25 9 10 26 27 28 29 30 52 52 52 52 53 54 54 53 54 54 53 55 55 53 56 56 57 15 16 17 18 19 20 21 22 23 24 9 25 10 26
15 16 17 18 19 20 21 22 23 24 25 9 10 26 9 10 11 12 13 14 9 10 11 12 13 5 6 5 6 5 6 3 4 5 6 34 603 36 32 32 1 2 3 4 1 2 1 2 1 2 5 6 7 8 14 15 16 17 18 19 20 21 22 23 24 9 25 10 26 27 28 29 30 31
15 16 17 18 19 20 21 22 23 24 9 25 10 26 9 10 11 12 13 14 593 37 38 9 10 11 12 13 14 9 10 11 12 13 14 1 2 3 4 1 2 1 2 1 2 5 6 7 8 15 16 17 18 19 20 21 22 23 24 9 25 10 26 9 10 11 12 13 14 9 10 11 12 13 14 9 10 11 12 13 14 9 10 11 12 13 27 28 29 30 31 14
15 16 17 18 19 20 21 22 23 24 9 25 10 26 15 16 17 18 19 20 21 22 23 24 9 25 10 26
9 10 11 12 13 14 33 9 10 11 12 13 15 16 17 18 19 20 21 22 23 24 25 9 10 26 14 9 10 11 12 13 594 478 595 596 576 576 575 14 9 10 11 12 13 5 6 5 6 5 6 3 4 5 6 34 36 35 32 32 1 2 3 4 1 2 1 2 1 2 5 6 7 8 14 15 16 17 18 19 20 21 22 23 24 9 25 10 26 37 38 597 598 9 10 11 12 13 14
32 9 10 11 12 13 14 622 623 60 63 64 65 65 66 67 624 61 88 625 626 9 627 32 628 611 611 10 26 629 629 629 629 630 631 632 633 634 635 636 637 638 639 640 641 641 622 623 60 611 611 642 86 534 87 88 531 61 60 69 70 71 71 60 61 71 71 71 60 71 73 71 73 60 74 75 73 17 76 15 77 16 17 18 19 20 21 22 23 24 73 71 60 71 66 78 79 25 60 60 61 61 80 70 26 81 79 73 73 73 9 10 11 12 13 14
15 16 17 18 19 20 21 22 23 24 25 9 10 26 585 585 37 38 617 618 619 619 619 619 620 32 5 6 5 6 5 6 3 4 5 6 34 35 36 32 32 1 2 3 4 1 2 1 2 1 2 5 6 7 8 15 16 17 18 19 20 21 22 25 23 24 9 10 26 27 28 29 30 31 9 10 11 12 13 14 539 15 16 17 18 19 20 25 21 22 23 24 9 10 26 9 10 11 12 13 621 14
9 10 11 12 13 599 149 600 601 602 150 151 599 149 600 601 602 150 151 14 9 10 11 12 13 51 14 9 10 11 12 13 599 149 600 601 602 150 151 14 9 10 11 12 13 599 149 600 601 602 150 151 14 15 16 17 18 19 20 21 22 23 24 9 25 10 26 37 38 9 10 11 12 13 599 149 600 601 602 150 151 14 15 16 17 18 19 20 21 22 23 24 9 25 10 26 9 10 11 12 13 14 5 6 5 6 5 6 3 4 5 6 34 603 36 603 36 32 32 1 2 3 4 1 2 1 2 1 2 5 6 7 8 9 10 11 12 13 14 9 10 11 12 13 14 27 28 29 30 31 9 10 11 12 13 14
9 10 11 12 13 5 6 5 6 5 6 3 4 5 6 34 36 35 32 32 1 2 3 4 1 2 1 2 1 2 5 6 7 8 14 15 16 17 18 19 20 21 22 23 24 9 25 10 26 37 38 597 598 9 10 11 12 13 14 9 10 11 12 13 14 15 16 17 18 19 20 21 22 23 24 9 25 10 26 9 10 11 12 13 14 9 10 11 12 13 14
15 16 17 18 19 20 21 22 23 24 25 9 10 26 15 16 17 18 19 20 21 22 23 24 9 25 10 26 9 10 11 12 13 14 32 84 82 83
15 16 17 18 19 20 21 22 23 24 9 25 10 26 15 16 17 18 19 20 21 22 23 24 9 25 10 26 5 6 5 6 5 6 3 4 5 6 34 32 32 1 2 3 4 1 2 1 2 1 2 5 6 7 8 15 16 17 18 19 20 21 22 23 24 9 25 10 26
27 28 29 30 52 52 52 52 53 54 54 53 54 54 53 55 55 53 56 56 57 15 16 17 18 19 20 21 22 23 24 9 25 10 26 32 9 10 11 12 13 14 15 16 17 18 19 20 21 22 23 24 9 25 10 26
15 16 17 18 19 20 21 22 23 24 25 9 10 26 9 10 11 12 13 153 546 153 153 547 1 2 3 4 1 2 1 2 1 2 5 6 7 8 539 5 6 5 6 5 6 3 4 5 6 34 548 610 610 610 610 550 540 541 542 551 552 551 37 553 554 555 556 557 553 554 611 611 493 493 491 197 197 194 9 558 559 10 560 37 588 588 566 612 588 566 612 588 612 588 612 588 612 567 567 567 588 588 566 612 588 566 612 588 612 588 612 588 612 567 567 567 570 588 588 566 612 588 566 612 588 612 588 612 588 612 588 588 566 612 588 566 612 588 612 588 612 588 612 567 567 567 567 567 567 588 588 566 612 588 566 612 588 612 588 612 588 612 567 567 567 571 571 567 567 567 561 573 573 567 567 567 571 571 567 567 567 562 573 573 567 567 567 574 10 563 575 576 576 577 578 578 578 579 578 580 584 581 582 583 583 583 9 10 574 209 586 587 587 5 10 588 589 589 589 589 14 585 590 591 5 589 589 589 589 590 15 16 17 18 19 20 21 22 23 24 9 25 10 26
15 16 17 18 19 20 21 22 23 24 9 25 10 26 5 6 5 6 5 6 3 4 5 6 34 32 32 1 2 3 4 1 2 1 2 1 2 5 6 7 8 15 16 17 18 19 20 21 22 23 24 9 25 10 26
15 16 17 18 19 20 21 22 23 24 9 25 10 26 9 10 11 12 13 14 27 28 29 30 31 15 16 17 18 19 20 21 22 23 24 9 25 10 26 5 6 5 6 5 6 3 4 5 6 34 603 36 32 32 1 2 3 4 1 2 1 2 1 2 5 6 7 8 15 16 17 18 19 20 21 22 23 24 9 25 10 26 9 10 11 12 13 14
9 10 11 12 13 27 28 29 30 31 14 15 16 17 18 19 20 21 22 23 24 9 25 10 26 9 10 11 12 13 14 9 10 11 12 13 14 9 10 11 12 13 14 33 9 10 11 12 13 15 16 17 18 19 20 21 22 23 24 25 9 10 26 14 9 10 11 12 13 594 478 595 596 576 576 575 14
15 16 17 18 19 20 21 22 23 24 9 25 10 26 15 16 17 18 19 20 21 22 23 24 9 25 10 26
15 16 17 18 19 20 21 22 23 24 9 25 10 26 15 16 17 18 19 20 21 22 23 24 25 9 10 26 15 16 17 18 19 20 21 22 23 24 9 25 10 26
99 100 100 100 101 102 103 104 105 105 106 107 108 109 109 109 109 110 110 109 109 109 109 109 109 111 112 113 114 115 114 116 117 118 119 120 121 121 122 123 123 122 124 122 125 126 126 128 129 129 129 129 129 129 129 129 129 129 129 129 129 129 129 129 129 129 129 129 129 129 129 129 129 129 129 129 129 129 129 129 129 129 129 129 129 129 129 129 129 129 129 129 129 129 129 129 129 129 129 129 129 129 129 129 129 129 129 129 129 129 129 129 129 129 129 129 129 129 129 129 129 129 129 129 129 129 129 129 129 129 129 129 129 129 129 129 129 129 129 129 129 129 129 129 129 129 129 129 129 129 129 129 129 129 129 129 129 129 129 129 129 129 129 129 129 129 129 129 129 129 129 129 129 129 129 129 132 132 132 133 134 134 135 136 118 118 118 137 138 135 135 135 135 139 140 141 141 141 141 141 141 141 141 141 141 141 141 141 141 141 141 141 141 141 141 141 141 141 141 141 141 141 141 141 141 141 141 141 141 141 141 141 141 141 141 141 141 141 141 141 141 141 141 141 141 141 141 141 141 141 2 1 2 5 6 7 606 606 142 66 143 130 130 8 127 9 131 141 141 145 141 141 141 141 141 141 146 141 141 141 141 141 141 141 141 141 141 141 141 141 141 141 141 141 141 141 141 141 141 141 141 141 141 141 141 141 152 153 147 141 141 141 141 141 141 141 141 141 141 141 141 141 141 141 141 141 141 141 141 141 141 141 141 141 141 141 141 141 141 95 141 141 141 141 141 141 173 174 175 176 153 177 178 149 150 178 178 178 178 178 178 178 178 178 178 178 178 178 178 200 201 203 204 205 151 149 150 151 157 158 159 154 156 155 160 161 162 163 164 164 164 211 212 213 214 215 216 217 218 219 220 221 222 223 224 225 164 164 164 164 226 227 227 228 229 203 230 231 232 233 234 235 236 237 238 239 219 164 165 166 167 168 169 219 219 100 100 100 100 100 100 100 100 100 242 242 244 246 247 250 251 252 128 253 254 255 256 257 258 259 258 258 258 258 258 260 261 262 263 264 265 263 266 169 267 268 269 270 244 271 272 244 273 274 275 276 203 277 278 279 280 281 282 283 284 285 286 8 287 288 289 289 290 291 292 170 293 294 294 171 295 172 296 607 168 179 166 297 298 299 300 301 302 303 303 303 303 169 303 180 181 182 183 184 303 303 185 187 188 189 186 190 303 191 192 304 193 194 305 305 305 305 306 195 306 196 197 197 197 198 199 307 307 307 307 307 307 307 307 307 307 307 307 307 307 307 307 202 163 207 206 208 307 307 307 307 307 307 307 307 307 209 240 241 243 210 245 248 249 307 307 307 307 307 307 307 307 308 309 309 309 309 309 309 309 309 309 309 309 309 309 309 309 309 309 309 309 309 309 309 309 309 309 309 309 309 309 309 309 309 307 307 307 310 307 311 308 308 308 308 308 308 308 195 308 307 311 308 308 308 308 308 308 308 308 308 308 308 308 308 308 308 308 308 308 308 308 308 308 308 308 312 313 312 312 314 315 316 317 318 319 283 320 320 320 296 321 322 323 324 325 326 327 328 329 330 330 330 330 330 330 331 203 332 332 333 334 334 334 334 334 334 334 334 334 334 334 334 334 334 334 334 334 334 334 334 334 334 334 334 334 334 334 334 334 334 334 334 334 334 334 334 334 334 334 334 334 334 334 160 334 334 334 334 334 334 334 334 334 334 355 334 334 334 334 334 241 392 401 450 497 334 334 334 334 334 334 334 334 334 334 334 334 334 334 334 334 334 334 334 334 334 334 334 334 334 334 308 308 335 335 336 333 308 335 335 336 308 335 335 336 308 335 335 336 308 335 336 308 335 336 308 335 336 308 335 336 308 335 336 333 308 335 335 336 308 335 335 336 308 335 335 336 308 335 336 308 335 336 308 335 336 308 335 336 308 335 336 308 335 335 451 336 452 308 335 197 335 336 308 335 335 336 308 335 336 308 335 336 308 335 336 308 335 336 308 335 336 308 335 335 336 308 335 335 336 308 335 336 308 335 336 308 335 336 308 335 336 308 335 336 308 335 336 9 280 239 239 337 219 219 280 338 339 340 341 342 203 327 219 343 498 344 345 346 346 317 347 348 349 280 349 350 351 352 352 353 354 354 354 354 354 354 354 354 354 354 354 354 354 354 354 354 354 354 354 354 354 354 354 354 354 354 354 354 354 354 354 354 354 354 356 357 357 357 357 357 357 357 357 357 357 357 357 357 357 357 357 357 357 357 357 357 357 357 357 357 357 357 357 357 357 357 357 358 359 360 361 362 363 364 365 366 367 368 369 369 370 370 371 372 373 374 375 376 377 378 379 380 381 382 383 384 372 373 385 386 375 387 388 378 379 380 381 382 383 384 320 320 389 390 391 391 393 397 399 399 394 395 396 398 400 499 320 402 403 404 406 280 409 280 410 410 410 410 412 413 414 35 408 405 407 378 379 418 419 411 420 415 416 421 417 408 378 379 418 423 383 384 408 378 379 433 419 382 424 425 426 427 428 608 429 430 431 430 430 500 501 432 434 422 435 436 438 437 439 440 441 442 441 443 444 445 446 441 447 441 441 448 449 441 441 441 444 453 444 454 455 456 457 458 459 459 459 460 461 461 462 463 464 465 466 467 468 469 470 471 472 473 474 475 476 477 478 480 481 479 482 284 483 484 486 487 488 485 489 490 491 280 492 493 493 493 320 494 280 495 496 493 504 505 506 502 503 508 9 507 507 507 507 507 509 516 510 511 10 510 511 512 513 514 515 159 517 10 518 519 520 520 521 69 521 522 523 523 524 524 524 524 526 526 526 527 88 528 529 530 528 529 530 60 525 437 534 87 88 531 60 532 69 70 71 71 60 61 71 71 71 60 71 73 71 73 60 74 75 73 533 535 17 76 15 77 16 17 18 19 20 21 22 23 24 73 71 66 78 60 79 71 25 60 60 61 61 80 70 9 10 26 79 545 609 536 537 538 539 5 6 5 6 5 6 3 4 5 6 34 540 541 542 543 544 73 73 73
38 15 16 17 18 19 20 21 22 23 24 25 9 10 26 27 28 29 30 31 39 40 9 10 11 12 13 15 16 17 18 19 20 21 22 23 24 9 25 10 26 14 9 10 11 12 13 14 15 16 17 18 19 20 21 22 23 24 25 9 10 26
33 33 51 15 16 17 18 19 20 21 22 23 24 9 25 10 26 9 10 11 12 13 51 33 14 9 10 11 12 13 599 149 600 601 602 150 151 599 149 600 601 602 150 151 14 9 10 11 12 13 51 14 9 10 11 12 13 599 149 600 601 602 150 151 14 9 10 11 12 13 599 149 600 601 602 150 151 14 15 16 17 18 19 20 21 22 23 24 9 25 10 26 37 38 9 10 11 12 13 599 149 600 601 602 150 151 14
15 16 17 18 19 20 21 22 23 24 9 25 10 26 15 16 17 18 19 20 21 22 23 24 9 25 10 26 27 28 29 30 31 59
9 10 11 12 13 14 15 16 17 18 19 20 21 22 23 24 25 9 10 26 33 33 9 10 11 12 13 14 9 10 11 12 13 621 14 15 16 17 18 19 20 21 22 23 24 9 25 10 26 621 33 9 10 11 12 13
15 16 17 18 19 20 21 22 23 24 9 25 10 26 15 16 17 18 25 19 20 21 22 23 24 9 10 26 9 10 11 12 13 90 93 93 93 94 604 605 153 1 2 3 4 1 2 1 98
15 16 17 18 19 20 21 22 23 24 9 25 10 26 5 6 5 6 5 6 3 4 5 6 34 603 36 32 32 1 2 3 4 1 2 1 2 1 2 5 6 7 8 15 16 17 18 19 20 21 22 23 24 9 25 10 26 9 10 11 12 13 14 84 82 83 85 60 63 64 65 65 66 67 624 61 61 9 10 26 86 87 88 60 69 70 71 71 60 61 71 71 71 60 71 73 71 73 60 74 75 73 17 15 16 17 18 19 20 21 22 23 24 73 71 66 78 79 25 60 71 60 60 61 61 80 70 26 81 89 644 89 89 644 644 79 89 644 89 89 644 644 644 89 89 644 644 89 644 644 644 644 644 644 84 82 83 85 60 63 64 65 65 66 67 61 61 9 10 26 86 87 88 60 69 70 71 71 60 61 71 71 71 60 71 73 71 73 60 74 75 73 17 15 16 17 18 19 20 21 22 23 24 73 71 66 78 79 60 25 71 60 60 61 61 80 70 26 81 79 73 73 73
15 16 17 18 19 20 21 22 23 24 9 25 10 26
99 100 100 100 101 102 103 104 105 105 106 107 108 109 109 109 109 110 110 109 109 109 109 109 109 111 112 113 114 115 114 116 117 118 119 120 121 121 122 123 123 122 124 122 125 126 126 128 129 129 129 129 129 129 129 129 129 129 129 129 129 129 129 129 129 129 129 129 129 129 129 129 129 129 129 129 129 129 129 129 129 129 129 129 129 129 129 129 129 129 129 129 129 129 129 129 129 129 129 129 129 129 129 129 129 129 129 129 129 129 129 129 129 129 129 129 129 129 129 129 129 129 129 129 129 129 129 129 129 129 129 129 129 129 129 129 129 129 129 129 129 129 129 129 129 129 129 129 129 129 129 129 129 129 129 129 129 129 129 129 129 129 129 129 129 129 129 129 129 129 129 129 129 129 129 129 132 132 132 133 134 134 135 136 118 118 118 137 138 135 135 135 135 139 140 141 141 141 141 141 141 141 141 141 141 141 141 141 141 141 141 141 141 141 141 141 141 141 141 141 141 141 141 141 141 141 141 141 141 141 141 141 141 141 141 141 141 141 141 141 141 141 141 141 141 141 141 141 141 141 141 141 141 141 141 141 141 141 141 141 141 141 141 141 141 141 141 141 141 141 141 141 141 141 141 141 141 141 141 141 141 141 141 141 141 141 141 141 141 141 141 141 141 141 141 141 141 141 141 141 141 141 141 141 141 141 141 141 141 141 141 141 141 141 141 141 141 141 141 141 141 141 141 173 174 175 176 177 178 178 178 178 178 178 178 178 178 178 178 178 178 178 178 200 201 203 204 205 211 212 213 214 215 216 217 218 219 220 221 222 223 224 225 226 227 227 228 229 203 230 231 232 233 234 235 236 237 238 239 219 219 219 100 100 100 100 100 100 100 100 100 242 242 244 246 247 250 251 252 128 253 256 257 258 259 258 258 258 258 258 260 261 262 263 264 265 263 266 267 268 269 270 244 271 272 244 273 274 275 276 203 277 278 279 280 281 282 283 284 285 286 287 288 289 289 290 291 292 293 294 294 295 296 297 298 299 300 301 302 303 303 303 303 303 303 303 303 304 305 305 305 305 306 306 307 307 307 307 307 307 307 307 307 307 307 307 307 307 307 307 307 307 307 307 307 307 307 307 307 307 307 307 307 307 307 307 307 308 309 309 309 309 309 309 309 309 309 309 309 309 309 309 309 309 309 309 309 309 309 309 309 309 309 309 309 309 309 309 309 309 307 307 307 310 307 311 308 308 308 308 308 308 308 308 307 311 308 308 308 308 308 308 308 308 308 308 308 308 308 308 308 308 308 308 308 308 308 308 308 308 312 313 312 312 314 315 316 317 318 319 283 320 320 320 296 321 322 323 324 325 326 327 328 329 330 330 330 330 330 330 331 203 332 332 333 334 334 334 334 334 334 334 334 334 334 334 334 334 334 334 334 334 334 334 334 334 334 334 334 334 334 334 334 334 334 334 334 334 334 334 334 334 334 334 334 334 334 334 334 334 334 334 334 334 334 334 334 334 334 334 334 334 334 334 334 334 334 334 334 334 334 334 334 334 334 334 334 334 334 334 334 334 334 334 334 334 334 334 334 308 308 335 335 336 333 308 335 335 336 308 335 335 336 308 335 335 336 308 335 336 308 335 336 308 335 336 308 335 336 308 335 336 333 308 335 335 336 308 335 335 336 308 335 335 336 308 335 336 308 335 336 308 335 336 308 335 336 308 335 336 308 335 335 336 308 335 335 336 308 335 335 336 308 335 336 308 335 336 308 335 336 308 335 336 308 335 336 308 335 335 336 308 335 335 336 308 335 336 308 335 336 308 335 336 308 335 336 308 335 336 308 335 336 280 239 239 337 219 219 280 338 339 340 341 342 203 327 219 343 344 345 346 346 317 347 348 349 280 349 350 351 352 352 353 354 354 354 354 354 354 354 354 354 354 354 354 354 354 354 354 354 354 354 354 354 354 354 354 354 354 354 354 354 354 354 354 354 354 356 357 357 357 357 357 357 357 357 2 357 357 357 357 357 357 1 357 357 357 2 357 357 357 357 357 357 5 357 357 357 357 6 357 357 357 357 357 358 7 359 360 361 362 363 364 365 366 367 368 369 369 370 370 371 372 373 374 375 376 377 378 379 380 381 382 383 384 372 373 385 386 375 387 388 378 379 380 381 382 383 384 320 320 389 390 391 391 393 397 399 399 394 395 396 398 400 320 402 403 404 405 406 280 409 280 410 410 410 410 412 413 414 407 411 415 416 417 408 378 379 418 419 420 421 408 378 379 418 423 383 384 424 425 426 427 428 429 430 431 430 430 432 408 378 379 433 419 382 434 435 436 437 439 438 440 441 442 441 443 444 445 446 441 447 441 441 448 449 441 441 441 444 453 444 454 455 456 457 458 459 459 459 460 461 461 462 606 463 464 465 466 467 468 469 470 476 471 472 473 474 475 477 478 480 481 479 482 284 485 422 483 484 486 487 488 489 490 491 280 492 493 493 493 320 494 606 142 66 143 130 130 8 127 9 131 145 146 152 153 147 95 153 149 150 151 149 150 151 157 158 159 154 156 155 160 161 162 163 164 164 164 164 164 164 164 280 164 165 166 167 168 169 169 8 170 171 172 607 168 179 166 169 180 181 182 183 184 185 187 188 189 186 190 191 192 193 194 195 196 197 197 197 198 199 202 163 207 206 208 209 240 241 243 210 245 248 249 195 160 355 241 392 401 450 497 451 452 197 9 498 499 500 501 504 505 506 503 9 507 507 507 507 507 509 516 511 10 511 514 515 159 517 10 518 519 520 520 521 69 521 522 523 523 524 524 524 524 526 526 526 527 88 528 529 530 528 529 530 60 534 87 88 531 60 532 69 70 71 71 60 61 71 71 71 60 71 73 71 73 60 74 75 73 533 535 17 76 15 77 16 17 18 19 20 21 22 23 24 73 71 66 78 60 79 71 25 60 60 61 61 80 70 9 10 26 79 545 609 536 495 496 493 537 538 539 5 6 5 6 5 6 3 4 5 6 34 540 541 542 544 73 73 73 27 28 29 30 52 52 52 52 53 54 54 53 54 54 53 55 55 53 56 56 57 15 16 17 18 19 20 21 22 23 24 25 9 10 26 9 10 11 12 13 153 546 153 153 547 1 2 3 4 1 2 1 2 1 2 5 6 7 8 539 5 6 5 6 5 6 3 4 5 6 34 548 610 610 610 610 550 540 541 542 551 552 551 37 553 554 555 556 557 553 554 611 611 197 197 194 9 558 559 10 560 37 588 588 566 612 588 566 612 588 612 588 612 588 612 567 567 567 588 588 566 612 588 566 612 588 612 588 612 588 612 567 567 567 570 588 588 566 612 588 566 612 588 612 588 612 588 612 588 588 566 612 588 566 612 588 612 588 612 588 612 567 567 567 567 567 567 588 588 566 612 588 566 612 588 612 588 612 588 612 567 567 567 571 571 567 567 567 561 573 573 567 567 567 571 571 567 567 567 562 573 573 567 567 502 567 574 10 563 575 576 576 577 578 578 578 579 578 580 584 581 582 583 583 583 9 10 574 209 586 587 587 5 10 588 589 589 589 589 14 585 590 591 5 589 589 589 589 590 15 16 17 18 19 20 21 22 23 24 9 25 10 26 15 16 17 18 19 20 21 22 23 24 9 25 10 26 15 16 508 17 18 19 20 21 22 23 24 9 25 10 26 5 6 5 6 5 6 3 4 5 6 34 36 32 32 1 2 3 4 1 2 1 2 1 2 5 6 7 8 15 16 17 18 19 20 21 22 23 24 9 25 10 26 27 28 29 30 31 15 16 17 18 19 20 21 22 23 24 25 9 10 26 9 10 11 12 13 615 616 615 616 585 585 14 585 9 10 11 12 13 585 14 585 15 16 17 18 19 20 21 22 23 24 510 25 9 10 26 9 10 11 12 13 585 585 585 585 14 9 10 11 510 12 13 585 14 585 15 16 17 18 19 20 21 22 23 24 25 9 10 26 585 585 37 38 512 513 617 618 619 619 619 619 620 32 5 6 5 6 5 6 3 4 5 6 34 36 32 32 1 2 3 4 1 2 1 2 1 2 5 6 7 8 15 16 17 18 19 20 21 22 25 23 24 9 10 26 27 28 29 30 31 9 10 11 12 13 14 539 15 16 17 18 19 20 25 21 22 23 24 9 10 26 9 10 11 12 13 621 14 9 10 11 12 13 14 32 15 16 17 18 19 20 21 22 23 24 25 9 10 26 15 16 17 18 19 20 21 22 23 24 9 25 10 26 32 9 10 11 12 13 14 622 623 60 63 64 65 65 66 67 624 61 88 626 9 32 628 611 611 10 26 629 629 629 629 630 632 638 639 640 641 641 622 623 60 611 611 534 87 88 531 61 60 69 70 71 71 60 61 71 71 71 60 71 73 71 73 60 74 75 73 17 76 15 77 16 17 18 19 20 21 22 23 24 73 71 60 71 66 78 79 25 60 60 61 61 80 70 26 81 79 73 73 73 9 10 11 12 13 14 9 10 11 12 13 14 15 16 17 18 19 20 21 22 23 24 9 25 10 26 9 10 11 12 13 643 643 14 621 9 10 11 12 13 14 27 28 29 30 52 52 52 52 53 54 54 53 54 54 53 55 55 53 56 56 57 9 10 33 15 16 17 18 19 20 21 22 23 24 9 25 10 26 33 5 6 5 6 5 6 3 4 5 6 34 36 32 32 1 2 3 4 1 2 1 2 1 2 5 6 7 8 33 33 621 33 33 33 33 9 10 11 12 13 14 15 16 17 18 19 20 21 22 23 24 9 25 10 26 9 10 11 12 13 14 9 10 11 12 13 14 15 16 17 18 19 20 21 22 23 24 25 9 10 26 33 33 9 10 11 12 13 14 9 10 11 12 13 621 14 15 16 17 18 19 20 21 22 23 24 9 25 10 26 621 33 9 10 11 12 13 643 14 9 10 11 12 13 14 9 10 11 12 13 14 9 10 11 12 13 14 15 16 17 18 19 20 21 22 23 24 25 9 10 26 27 28 29 30 31 9 10 11 12 13 621 14 9 10 11 12 13 14 9 10 11 12 13 14 9 10 11 12 13 14 9 10 11 12 13 14 9 10 11 12 13 33 14 9 10 11 12 13 14 9 10 11 12 13 14 15 16 17 18 19 20 21 22 23 24 25 9 10 26 9 10 11 12 13 14 5 6 5 6 5 6 3 4 5 6 34 36 32 32 1 2 3 4 1 2 1 2 1 2 5 6 7 8 9 10 11 12 13 14 9 10 11 12 13 14 9 10 11 12 13 14 9 10 11 12 13 14 9 10 11 12 13 14 9 10 11 12 13 14 33 9 10 11 12 13 15 16 17 18 19 20 21 22 23 24 9 25 10 26 14 9 10 11 12 13 14 33 15 16 17 18 19 20 21 22 23 24 9 25 10 26 547 15 16 17 18 19 20 21 22 23 24 9 25 10 26 9 10 11 12 13 14 27 28 29 30 31 15 16 17 18 19 20 21 22 23 24 9 25 10 26 5 6 5 6 5 6 3 4 5 6 34 36 32 32 1 2 3 4 1 2 1 2 1 2 5 6 7 8 15 16 17 18 19 20 21 22 23 24 9 25 10 26 9 10 11 12 13 14 82 83 85 60 63 64 65 65 66 67 624 61 61 9 10 26 87 88 60 69 70 71 71 60 61 71 71 71 60 71 73 71 73 60 74 75 73 17 15 16 17 18 19 20 21 22 23 24 73 71 66 78 79 25 60 71 60 60 61 61 80 70 26 81 89 644 89 89 644 644 79 89 644 89 89 644 644 644 89 89 644 644 89 644 644 644 644 644 644 82 83 85 60 63 64 65 65 66 67 61 61 9 10 26 87 88 60 69 70 71 71 60 61 71 71 71 60 71 73 71 73 60 74 75 73 17 15 16 17 18 19 20 21 22 23 24 73 71 66 78 79 60 25 71 60 60 61 61 80 70 26 81 79 73 73 73 15 16 17 18 19 20 21 22 23 24 25 9 10 26 15 16 17 18 19 20 21 22 23 24 9 25 10 26 9 10 11 12 13 14 32 82 83 32 85 60 63 64 65 65 66 67 61 61 9 10 26 87 88 60 69 70 71 71 60 61 71 71 71 60 71 73 71 73 60 74 75 73 17 15 16 17 18 19 20 21 22 23 24 73 25 71 66 78 79 60 71 60 60 61 61 80 70 26 81 89 644 89 89 644 644 644 644 79 89 89 644 89 89 89 644 89 644 644 644 644 644 644 73 73 73 9 10 11 12 13 14 5 6 5 6 5 6 3 4 5 6 34 36 32 32 1 2 3 4 1 2 1 2 1 2 5 6 7 8 27 28 29 30 52 52 52 52 53 54 54 53 54 54 53 55 55 53 56 56 57 15 16 17 18 19 20 21 22 23 24 9 83 25 82 10 26 85 60 63 64 65 65 66 67 624 61 61 26 87 88 60 69 70 71 71 60 61 71 71 71 60 71 73 71 73 60 74 75 73 17 15 16 17 18 19 20 21 22 23 24 73 71 66 60 78 71 79 60 60 61 25 61 80 70 26 81 79 73 73 73 15 16 17 18 19 20 21 22 23 24 9 25 10 26 15 16 17 18 19 20 21 22 23 24 9 25 10 26 15 16 17 18 19 20 21 22 23 24 9 25 10 26 32 17 60 61 61 62 9 60 63 10 26 64 65 65 66 67 68 69 70 71 71 60 61 71 71 71 60 71 73 71 73 60 74 75 73 17 76 15 77 16 17 18 19 20 21 22 23 24 73 71 66 60 25 78 79 71 60 60 61 61 80 70 26 79 81 73 73 73 27 28 29 30 31 15 16 17 18 19 20 21 22 23 24 9 25 10 26 15 16 17 18 19 20 21 22 23 24 9 25 10 26 15 16 17 18 19 20 21 22 23 24 9 25 10 26 5 6 5 6 5 6 3 4 5 525 6 34 36 437 36 36 32 32 1 2 3 4 1 2 1 2 1 2 5 6 7 8 169 169 8 170 171 172 168 179 166 169 180 181 182 183 186 184 185 187 188 189 190 193 191 192 194 195 196 197 197 197 198 199 202 207 206 208 163 209 245 210 240 241 243 248 249 195 160 355 241 392 401 450 9 498 497 451 452 197 499 500 501 504 505 506 507 507 507 507 507 9 535 516 10 503 509 517 511 511 514 515 159 10 518 519 520 520 521 69 521 522 523 523 524 524 524 524 526 526 526 527 88 528 529 530 528 529 530 60 534 87 88 531 60 532 69 533 70 71 71 60 61 71 71 71 60 71 73 71 73 60 74 75 73 17 76 15 77 16 17 18 19 20 21 22 23 24 73 71 66 78 79 60 71 25 60 60 61 61 80 70 9 10 26 89 79 89 89 644 89 644 644 644 545 644 645 645 646 647 648 649 609 644 89 89 89 644 644 536 537 538 539 5 6 5 6 5 6 3 4 5 6 34 644 644 540 541 542 544 644 644 9 10 11 12 13 153 153 546 153 547 1 2 3 4 1 2 1 2 1 2 5 6 7 8 539 5 6 5 6 5 6 3 4 5 6 34 548 650 650 650 650 550 540 541 542 551 552 551 37 553 554 555 556 557 553 554 651 651 197 197 194 9 558 559 10 560 37 561 562 563 588 588 566 612 588 566 612 588 612 588 612 588 612 588 588 566 612 588 566 612 588 612 588 612 588 612 567 567 567 567 567 567 588 588 566 612 588 566 612 588 612 588 612 588 612 567 567 567 588 588 566 612 588 566 612 588 612 588 612 588 612 567 567 567 588 588 566 612 588 566 612 588 612 588 612 588 612 567 567 567 573 573 567 567 567 571 571 567 567 567 570 571 571 567 567 567 573 573 567 567 567 574 588 588 10 575 576 576 577 578 578 578 579 578 584 9 89 580 581 582 583 583 583 89 10 89 644 644 73 73 73 89 89 89 644 644 574 209 586 587 587 644 5 10 588 589 589 589 589 644 14 585 585 590 591 5 589 589 589 589 590 585 585 9 10 11 12 13 14 585 585 585 585 585 585 9 10 11 12 13 621 14 585 27 28 29 30 652 652 652 652 54 54 54 54 55 55 56 56 57 585 585 169 169 8 170 171 607 172 168 179 169 180 181 166 182 183 186 653 184 185 187 188 189 190 193 191 192 194 195 196 197 197 197 198 199 202 163 207 206 208 209 245 210 240 241 243 248 249 195 160 355 241 392 401 450 497 10 451 452 197 499 9 500 498 501 503 509 511 511 9 504 505 10 506 514 515 159 507 507 507 507 507 516 517 10 518 519 520 520 521 69 521 522 523 523 524 524 524 524 526 526 526 527 88 528 529 530 528 529 530 60 88 531 534 87 532 60 69 70 71 71 60 61 71 71 71 60 71 73 71 73 60 74 75 73 533 17 76 535 79 15 77 16 17 18 19 20 21 22 23 24 73 71 66 78 79 60 71 25 60 60 61 61 80 70 9 10 26 545 645 645 646 647 648 609 649 536 537 538 539 5 6 5 6 5 6 3 4 5 6 34 540 541 542 544 543 9 10 11 12 13 153 546 153 153 547 1 2 3 4 1 2 1 2 1 2 5 6 7 8 539 5 6 5 6 5 6 3 4 5 6 34 548 654 654 654 654 550 540 541 542 551 552 551 37 553 554 553 554 555 556 557 651 651 493 493 491 197 197 194 9 558 559 10 560 561 562 563 37 588 588 566 612 588 566 612 588 612 588 612 588 612 567 567 567 570 588 588 566 612 588 566 612 588 612 588 612 588 612 588 588 566 612 588 566 612 588 612 588 612 588 612 567 567 567 588 588 566 612 588 566 612 588 612 588 612 588 612 567 567 567 567 567 567 588 588 566 612 588 566 612 588 612 588 612 588 612 575 576 576 567 567 567 571 571 567 567 567 564 556 557 573 573 567 567 567 571 571 567 567 567 573 573 567 567 567 574 10 73 73 73 577 578 578 578 579 578 584 585 9 580 581 582 583 583 583 10 14 574 209 586 587 587 5 10 588 589 589 589 589 585 655 82 83 85 60 63 656 64 61 65 65 66 67 61 9 10 26 437 87 88 60 69 70 71 71 60 61 71 71 71 60 71 73 71 73 60 74 75 73 17 15 16 17 18 19 20 21 22 23 24 73 71 66 60 78 79 71 25 60 60 61 61 80 70 26 81 79 590 591 5 589 589 589 589 590 73 73 73 82 655 83 85 60 63 64 65 65 66 67 61 61 9 10 26 437 87 88 60 69 70 71 71 60 61 71 71 71 60 71 73 71 73 60 74 75 73 82 655 83 79 17 15 85 60 63 64 65 61 437 87 88 60 69 70 71 71 60 61 71 71 71 60 71 73 71 73 60 74 75 73 17 15 16 17 18 19 20 21 22 23 24 73 71 66 60 78 79 71 60 25 60 61 61 80 70 26 81 79 73 73 73
15 16 17 18 19 20 21 22 23 24 25 9 10 26 5 6 5 6 5 6 3 4 5 6 34 32 32 1 2 3 4 1 2 1 2 1 2 5 6 7 8 15 16 17 18 19 20 21 22 23 24 9 25 10 26 9 10 11 12 13 37 14 38 9 10 11 12 13 41 42 43 44 45 46 47 48 14 9 10 11 12 13 14 49 50
15 16 17 18 19 20 21 22 23 24 9 25 10 26 32
15 16 17 18 19 20 21 22 23 24 25 9 10 26 9 10 11 12 13 14 33
9 10 11 12 13 14 9 10 11 12 13 14 15 16 17 18 19 20 21 22 23 24 9 25 10 26 5 6 5 6 5 6 3 4 5 6 34 35 36 32 32 15 16 17 18 19 20 21 22 23 24 9 25 10 26 9 10 11 12 13 14 593 37 38 9 10 11 12 13 14 9 10 11 12 13 14
14 9 10 11 12 13 14 49 50 9 10 11 12 13 51 14 15 16 17 18 19 20 21 22 23 24 9 25 10 26 9 10 11 12 13 14 27 28 29 30 52 52 52 52 53 54 54 53 54 54 53 55 55 53 56 56 57 58 15 16 17 18 19 20 21 22 23 24 9 25 10 26
32 15 16 17 18 19 20 21 22 23 24 25 9 10 26 15 16 17 18 19 20 21 22 23 24 9 25 10 26
15 16 17 18 19 20 21 22 23 24 9 25 10 26 27 28 29 30 31 59 15 16 17 18 19 20 21 22 23 24 9 25 10 26
99 100 100 100 101 102 103 104 105 105 106 107 108 109 109 109 109 110 110 109 109 109 109 109 109 111 112 113 114 115 114 116 117 118 119 120 121 121 122 123 123 122 124 122 125 126 126 128 129 129 129 129 129 129 129 129 129 129 129 129 129 129 129 129 129 129 129 129 129 129 129 129 129 129 129 129 129 129 129 129 129 129 129 129 129 129 129 129 129 129 129 129 129 129 129 129 129 129 129 129 129 129 129 129 129 129 129 129 129 129 129 129 129 129 129 129 129 129 129 129 129 129 129 129 129 129 129 129 129 129 129 129 129 129 129 129 129 129 129 129 129 129 129 129 129 129 129 129 129 129 129 129 129 129 129 129 129 129 129 129 129 129 129 129 129 129 129 129 129 129 129 129 129 129 129 129 132 132 132 133 134 134 135 136 118 118 118 137 138 135 135 135 135 139 140 141 141 141 141 141 141 141 141 141 141 141 141 141 141 141 141 141 141 141 141 141 141 141 141 141 141 141 141 141 141 141 141 141 141 141 141 141 141 141 141 141 141 141 141 141 141 141 141 141 141 141 141 141 141 141 2 1 2 5 6 7 606 606 142 66 143 130 130 8 127 9 131 141 141 145 141 141 141 141 141 141 146 141 141 141 141 141 141 141 141 141 141 141 141 141 141 141 141 141 141 141 141 141 141 141 141 141 141 141 141 141 152 153 147 141 141 141 141 141 141 141 141 141 141 141 141 141 141 141 141 141 141 141 141 141 141 141 141 141 141 141 141 141 141 95 141 141 141 141 141 141 173 174 175 176 153 177 178 149 150 178 178 178 178 178 178 178 178 178 178 178 178 178 178 200 201 203 204 205 151 149 150 151 157 158 159 154 156 155 160 161 162 163 164 164 164 211 212 213 214 215 216 217 218 219 220 221 222 223 224 225 164 164 164 164 226 227 227 228 229 203 230 231 232 233 234 235 236 237 238 239 219 164 165 166 167 168 169 219 219 100 100 100 100 100 100 100 100 100 242 242 244 246 247 250 251 252 128 253 254 255 256 257 258 259 258 258 258 258 258 260 261 262 263 264 265 263 266 169 267 268 269 270 244 271 272 244 273 274 275 276 203 277 278 279 280 281 282 283 284 285 286 8 287 288 289 289 290 291 292 170 293 294 294 171 295 172 296 607 168 179 166 297 298 299 300 301 302 303 303 303 303 169 303 180 181 182 183 184 303 303 185 187 188 189 186 190 303 191 192 304 193 194 305 305 305 305 306 195 306 196 197 197 197 198 199 307 307 307 307 307 307 307 307 307 307 307 307 307 307 307 307 202 163 207 206 208 307 307 307 307 307 307 307 307 307 209 240 241 243 210 245 248 249 307 307 307 307 307 307 307 307 308 309 309 309 309 309 309 309 309 309 309 309 309 309 309 309 309 309 309 309 309 309 309 309 309 309 309 309 309 309 309 309 309 307 307 307 310 307 311 308 308 308 308 308 308 308 195 308 307 311 308 308 308 308 308 308 308 308 308 308 308 308 308 308 308 308 308 308 308 308 308 308 308 308 312 313 312 312 314 315 316 317 318 319 283 320 320 320 296 321 322 323 324 325 326 327 328 329 330 330 330 330 330 330 331 203 332 332 333 334 334 334 334 334 334 334 334 334 334 334 334 334 334 334 334 334 334 334 334 334 334 334 334 334 334 334 334 334 334 334 334 334 334 334 334 334 334 334 334 334 334 334 160 334 334 334 334 334 334 334 334 334 334 355 334 334 334 334 334 241 392 401 450 497 334 334 334 334 334 334 334 334 334 334 334 334 334 334 334 334 334 334 334 334 334 334 334 334 334 334 308 308 335 335 336 333 308 335 335 336 308 335 335 336 308 335 335 336 308 335 336 308 335 336 308 335 336 308 335 336 308 335 336 333 308 335 335 336 308 335 335 336 308 335 335 336 308 335 336 308 335 336 308 335 336 308 335 336 308 335 336 308 335 335 451 336 452 308 335 197 335 336 308 335 335 336 308 335 336 308 335 336 308 335 336 308 335 336 308 335 336 308 335 335 336 308 335 335 336 308 335 336 308 335 336 308 335 336 308 335 336 308 335 336 308 335 336 9 280 239 239 337 219 219 280 338 339 340 341 342 203 327 219 343 498 344 345 346 346 317 347 348 349 280 349 350 351 352 352 353 354 354 354 354 354 354 354 354 354 354 354 354 354 354 354 354 354 354 354 354 354 354 354 354 354 354 354 354 354 354 354 354 354 354 356 357 357 357 357 357 357 357 357 357 357 357 357 357 357 357 357 357 357 357 357 357 357 357 357 357 357 357 357 357 357 357 357 358 359 360 361 362 363 364 365 366 367 368 369 369 370 370 371 372 373 374 375 376 377 378 379 380 381 382 383 384 372 373 385 386 375 387 388 378 379 380 381 382 383 384 320 320 389 390 391 391 393 397 399 399 394 395 396 398 400 499 320 402 403 404 406 280 409 280 410 410 410 410 412 413 414 35 408 405 407 378 379 418 419 411 420 415 416 421 417 408 378 379 418 423 383 384 408 378 379 433 419 382 424 425 426 427 428 608 429 430 431 430 430 500 501 432 434 422 435 436 438 437 439 440 441 442 441 443 444 445 446 441 447 441 441 448 449 441 441 441 444 453 444 454 455 456 457 458 459 459 459 460 461 461 462 463 464 465 466 467 468 469 470 471 472 473 474 475 476 477 478 480 481 479 482 284 483 484 486 487 488 485 489 490 491 280 492 493 493 493 320 494 280 495 496 493 504 505 506 502 503 508 9 507 507 507 507 507 509 516 510 511 10 510 511 512 513 514 515 159 517 10 518 519 520 520 521 69 521 522 523 523 524 524 524 524 526 526 526 527 88 528 529 530 528 529 530 60 525 437 534 87 88 531 60 532 69 70 71 71 60 61 71 71 71 60 71 73 71 73 60 74 75 73 533 535 17 76 15 77 16 17 18 19 20 21 22 23 24 73 71 66 78 60 79 71 25 60 60 61 61 80 70 9 10 26 79 545 609 536 537 538 539 5 6 5 6 5 6 3 4 5 6 34 540 541 542 543 544 73 73 73 27 28 29 30 52 52 52 52 53 54 54 53 54 54 53 55 55 53 56 56 57 15 16 17 18 19 20 21 22 23 24 25 9 10 26
27 28 29 30 31 9 10 11 12 13 14 9 10 11 12 13 14 15 16 17 18 19 20 21 22 23 24 9 25 10 26 9 10 11 12 13 14 15 16 17 18 19 20 21 22 23 24 9 25 10 26
37 37 15 16 17 18 19 20 21 22 23 24 9 25 10 26 37 37 37 38 37 38 15 16 17 18 19 20 21 22 23 24 25 9 10 26 27 28 29 30 31 39 40 9 10 11 12 13 15 16 17 18 19 20 21 22 23 24 9 25 10 26 14
99 100 100 100 101 102 103 104 105 105 106 107 108 109 109 109 109 110 110 109 109 109 109 109 109 111 112 113 114 115 114 116 117 118 119 120 121 121 122 123 123 122 124 122 125 126 126 127 128 129 129 129 129 129 129 129 129 129 129 129 129 129 129 129 129 129 129 129 129 129 129 129 129 129 129 129 129 129 129 129 129 129 129 129 129 129 129 130 129 129 129 129 129 129 129 130 131 129 129 129 129 1 129 129 129 129 129 129 129 129 129 129 129 129 129 129 129 129 129 129 129 129 129 129 129 129 129 129 129 129 129 129 129 129 129 129 129 129 129 129 129 129 129 129 129 129 129 129 129 129 129 129 129 129 129 129 129 129 129 129 129 129 129 129 129 129 2 129 129 129 129 129 129 129 129 129 129 129 3 4 129 129 129 129 132 132 1 132 133 134 134 135 136 118 118 2 118 137 138 135 135 135 135 139 1 2 140 1 141 141 141 141 141 141 2 141 141 141 141 5 141 141 141 141 6 141 141 141 141 7 141 141 141 8 141 141 141 141 141 142 141 141 141 66 141 141 141 143 141 144 141 141 141 141 141 141 141 141 144 141 141 141 95 141 141 141 141 141 141 141 141 141 141 141 145 141 141 141 141 141 146 141 141 141 141 141 141 141 141 141 147 148 149 150 151 149 150 151 152 153 149 150 151 154 155 156 157 158 159 160 161 162 163 164 164 164 164 164 164 164 164 165 166 167 168 169 169 8 170 171 172 141 141 141 141 141 141 141 141 141 141 141 141 141 141 141 141 141 141 141 141 141 141 141 141 141 141 141 141 141 141 141 141 141 141 141 141 141 141 141 141 141 141 141 141 141 141 141 141 141 141 141 141 141 141 141 141 141 141 141 173 174 175 176 177 178 178 178 178 178 178 168 179 169 180 181 166 182 183 184 185 186 187 188 189 190 191 192 193 194 195 196 197 197 197 198 178 178 178 178 178 178 178 178 199 178 200 201 202 203 163 204 205 206 207 208 209 210 211 212 213 214 215 216 217 218 219 220 221 222 223 224 225 226 227 227 228 229 203 230 231 232 233 234 235 236 237 238 239 219 219 219 100 100 100 240 100 100 100 100 241 100 100 242 242 243 244 245 246 247 248 249 250 251 252 128 253 254 255 256 257 258 259 258 258 195 258 258 258 260 261 262 263 264 265 263 266 267 268 269 270 244 271 272 244 273 274 275 276 203 277 278 279 280 281 282 283 284 285 286 287 288 289 289 290 291 292 293 294 294 295 296 297 298 299 300 301 302 303 303 303 303 303 303 303 303 304 305 305 305 305 306 306 307 307 307 307 307 307 307 307 307 307 307 307 307 307 307 307 307 307 307 307 307 307 307 307 307 307 307 307 307 307 307 307 307 308 309 309 309 309 309 309 309 309 309 309 309 309 309 309 309 309 309 309 309 309 309 309 309 309 309 309 309 309 309 309 309 309 307 307 307 310 307 311 308 308 308 308 308 308 308 308 307 311 308 308 308 308 308 308 308 308 308 308 308 308 308 308 308 308 308 308 308 308 308 308 308 308 312 313 312 312 314 315 316 317 318 319 283 320 320 320 296 321 322 323 324 325 326 327 328 329 330 330 330 330 330 330 331 203 332 332 333 334 334 334 334 334 334 334 334 334 334 334 334 334 334 334 334 334 334 334 334 334 334 334 334 334 334 334 334 334 334 334 334 334 334 334 334 334 334 334 334 334 334 334 334 334 334 334 334 334 334 334 334 334 334 334 334 334 334 334 334 334 334 334 334 334 334 334 334 334 334 334 334 334 334 334 334 334 334 334 334 334 334 334 334 308 308 335 335 336 333 308 335 335 336 308 335 335 336 308 335 335 336 308 335 336 308 335 336 308 335 336 308 335 336 308 335 336 333 308 335 335 336 308 335 335 336 308 335 335 336 308 335 336 308 335 336 308 335 336 308 335 336 308 335 336 308 335 335 336 308 335 335 336 308 335 335 336 308 335 336 308 335 336 308 335 336 308 335 336 308 335 336 308 335 335 336 308 335 335 336 308 335 336 308 335 336 308 335 336 308 335 336 308 335 336 308 335 336 280 239 239 337 219 219 280 338 339 340 341 342 203 327 219 343 344 345 346 346 317 347 348 349 280 349 350 351 352 352 353 354 354 354 354 354 354 354 354 354 354 354 354 354 354 354 354 354 354 354 354 160 355 354 354 354 354 354 354 354 354 354 354 354 354 354 354 356 357 357 357 357 357 357 357 357 357 357 357 357 357 357 357 357 357 357 357 357 357 357 357 357 357 357 357 357 357 357 357 357 358 359 360 361 362 363 364 365 366 367 368 369 369 370 370 371 372 373 374 375 376 377 378 379 380 381 382 383 384 372 373 385 386 375 387 388 378 379 380 381 382 241 383 384 320 320 389 390 391 391 392 393 394 395 396 397 398 399 399 400 401 320 402 403 404 405 406 280 407 408 409 280 410 410 411 410 410 412 413 414 415 416 417 378 379 418 419 420 421 408 422 378 379 418 423 383 384 424 425 426 427 428 408 429 430 431 430 430 432 378 379 433 419 382 434 435 436 437 438 439 440 441 442 441 443 444 445 446 441 447 441 441 448 449 441 441 450 451 452 441 444 453 444 454 455 456 457 458 459 459 459 460 461 461 462 463 464 465 466 467 468 469 470 471 472 473 474 475 476 477 478 479 480 481 482 284 483 484 485 486 487 488 489 490 491 280 492 493 493 493 320 494 280 495 496 493 197 497 9 498 499 500 501 502 503 504 505 506 9 507 507 507 507 508 507 509 510 511 510 511 512 513 514 515 516 159 10 517 10 518 519 520 520 521 69 521 522 523 523 524 524 524 524 525 437 526 526 526 527 88 528 529 530 528 529 530 60 88 531 60 69 532 70 71 71 60 61 71 71 71 60 71 73 71 533 73 60 74 534 87 75 73 17 76 535 79 15 77 16 17 18 19 20 21 22 23 24 73 71 66 78 79 60 71 25 60 60 61 61 80 70 9 10 26 81 536 537 538 539 5 6 5 6 5 6 3 4 5 6 34 540 541 542 543 544 545 73 73 73 9 10 11 12 13 153 153 546 153 547 1 2 3 4 1 2 1 2 1 2 5 6 7 8 539 5 6 5 6 5 6 3 4 5 6 34 548 549 549 549 549 550 540 541 542 551 552 551 37 553 554 553 555 556 557 554 130 130 493 493 491 197 197 194 9 558 559 10 560 37 561 562 563 564 556 557 565 565 566 565 565 566 565 565 565 565 565 565 565 565 565 566 565 565 566 565 565 565 565 565 565 565 567 567 567 567 567 567 568 568 566 568 568 566 568 568 568 568 568 568 568 567 567 567 569 569 566 569 569 566 569 569 569 569 569 569 569 567 567 567 570 571 571 567 567 567 572 572 566 572 572 566 572 572 572 572 572 572 572 573 573 567 567 567 567 567 567 571 571 567 567 567 573 573 567 567 567 574 10 575 576 576 577 578 578 579 578 578 580 581 582 583 583 583 584 9 10 585 574 586 209 587 587 5 10 588 589 589 589 589 585 585 14 590 591 5 589 589 589 589 590 27 28 29 30 592 592 592 592 54 54 54 54 55 55 56 56 57 15 16 17 18 19 20 21 22 23 24 25 9 10 26 37
15 16 17 18 19 20 21 22 23 24 9 25 10 26 15 16 17 18 19 20 21 22 23 24 9 25 10 26
14 9 10 11 12 13 14 15 16 17 18 19 20 21 22 23 24 9 25 10 26 27 28 29 30 31 9 10 11 12 13 14 37 38 9 10 11 12 13 14 15 16 17 18 19 20 21 22 23 24 25 9 10 26 9 10 11 12 13 14 33
27 28 29 30 31 9 10 11 12 13 14 37 38 9 10 11 12 13 14 15 16 17 18 19 20 21 22 23 24 25 9 10 26 9 10 11 12 13 14 33
15 16 17 18 19 20 21 22 23 24 9 25 10 26 5 6 5 6 5 6 3 4 5 6 34 32 32 1 2 3 4 1 2 1 2 1 2 5 6 7 8 15 16 17 18 19 20 21 22 23 24 9 25 10 26
32 17 60 61 61 62 9 60 63 10 26 64 65 65 66 67 68 69 70 71 71 60 61 71 71 71 60 71 73 71 73 60 74 75 73 17 76 15 77 16 17 18 19 20 21 22 23 24 73 71 66 60 71 78 79 60 60 61 25 61 80 70 26 81 79 73 73 73 15 16 17 18 19 20 21 22 23 24 25 9 10 26
32 17 60 61 61 62 9 60 63 10 26 64 65 65 66 67 68 69 70 71 71 60 61 71 71 71 60 71 73 71 73 60 74 75 73 17 76 15 77 16 17 18 19 20 21 22 23 24 73 71 66 60 25 78 79 71 60 60 61 61 80 70 26 79 81 73 73 73 27 28 29 30 31
99 100 100 100 101 102 103 104 105 105 106 107 108 109 109 109 109 110 110 109 109 109 109 109 109 111 112 113 114 115 114 116 117 118 119 120 121 121 122 123 123 122 124 122 125 126 126 128 129 129 129 129 129 129 129 129 129 129 129 129 129 129 129 129 129 129 129 129 129 129 129 129 129 129 129 129 129 129 129 129 129 129 129 129 129 129 129 129 129 129 129 129 129 129 129 129 129 129 129 129 129 129 129 129 129 129 129 129 129 129 129 129 129 129 129 129 129 129 129 129 129 129 129 129 129 129 129 129 129 129 129 129 129 129 129 129 129 129 129 129 129 129 129 129 129 129 129 129 129 129 129 129 129 129 129 129 129 129 129 129 129 129 129 129 129 129 129 129 129 129 129 129 129 129 129 129 132 132 132 133 134 134 135 136 118 118 118 137 138 135 135 135 135 139 140 141 141 141 141 141 141 141 141 141 141 141 141 141 141 141 141 141 141 141 141 141 141 141 141 141 141 141 141 141 141 141 141 141 141 141 141 141 141 141 141 141 141 141 141 141 141 141 141 141 141 141 141 141 141 141 141 141 141 141 141 141 141 141 141 141 141 141 141 141 141 141 141 141 141 141 141 141 141 141 141 141 141 141 141 141 141 141 141 141 141 141 141 141 141 141 141 141 141 141 141 141 141 141 141 141 141 141 141 141 141 141 141 141 141 141 141 141 141 141 141 141 141 141 141 141 141 141 141 173 174 175 176 177 178 178 178 178 178 178 178 178 178 178 178 178 178 178 178 200 201 203 204 205 211 212 213 214 215 216 217 218 219 220 221 222 223 224 225 226 227 227 228 229 203 230 231 232 233 234 235 236 237 238 239 219 219 219 100 100 100 100 100 100 100 100 100 242 242 244 246 247 250 251 252 128 253 256 257 258 259 258 258 258 258 258 260 261 262 263 264 265 263 266 267 268 269 270 244 271 272 244 273 274 275 276 203 277 278 279 280 281 282 283 284 285 286 287 288 289 289 290 291 292 293 294 294 295 296 297 298 299 300 301 302 303 303 303 303 303 303 303 303 304 305 305 305 305 306 306 307 307 307 307 307 307 307 307 307 307 307 307 307 307 307 307 307 307 307 307 307 307 307 307 307 307 307 307 307 307 307 307 307 308 309 309 309 309 309 309 309 309 309 309 309 309 309 309 309 309 309 309 309 309 309 309 309 309 309 309 309 309 309 309 309 309 307 307 307 310 307 311 308 308 308 308 308 308 308 308 307 311 308 308 308 308 308 308 308 308 308 308 308 308 308 308 308 308 308 308 308 308 308 308 308 308 312 313 312 312 314 315 316 317 318 319 283 320 320 320 296 321 322 323 324 325 326 327 328 329 330 330 330 330 330 330 331 203 332 332 333 334 334 334 334 334 334 334 334 334 334 334 334 334 334 334 334 334 334 334 334 334 334 334 334 334 334 334 334 334 334 334 334 334 334 334 334 334 334 334 334 334 334 334 334 334 334 334 334 334 334 334 334 334 334 334 334 334 334 334 334 334 334 334 334 334 334 334 334 334 334 334 334 334 334 334 334 334 334 334 334 334 334 334 334 308 308 335 335 336 333 308 335 335 336 308 335 335 336 308 335 335 336 308 335 336 308 335 336 308 335 336 308 335 336 308 335 336 333 308 335 335 336 308 335 335 336 308 335 335 336 308 335 336 308 335 336 308 335 336 308 335 336 308 335 336 308 335 335 336 308 335 335 336 308 335 335 336 308 335 336 308 335 336 308 335 336 308 335 336 308 335 336 308 335 335 336 308 335 335 336 308 335 336 308 335 336 308 335 336 308 335 336 308 335 336 308 335 336 280 239 239 337 219 219 280 338 339 340 341 342 203 327 219 343 344 345 346 346 317 347 348 349 280 349 350 351 352 352 353 354 354 354 354 354 354 354 354 354 354 354 354 354 354 354 354 354 354 354 354 354 354 354 354 354 354 354 354 354 354 354 354 354 354 356 357 357 357 357 357 357 357 357 2 357 357 357 357 357 357 1 357 357 357 2 357 357 357 357 357 357 5 357 357 357 357 6 357 357 357 357 357 358 7 359 360 361 362 363 364 365 366 367 368 369 369 370 370 371 372 373 374 375 376 377 378 379 380 381 382 383 384 372 373 385 386 375 387 388 378 379 380 381 382 383 384 320 320 389 390 391 391 393 397 399 399 394 395 396 398 400 320 402 403 404 405 406 280 409 280 410 410 410 410 412 413 414 407 411 415 416 417 408 378 379 418 419 420 421 408 378 379 418 423 383 384 424 425 426 427 428 429 430 431 430 430 432 408 378 379 433 419 382 434 435 436 437 439 438 440 441 442 441 443 444 445 446 441 447 441 441 448 449 441 441 441 444 453 444 454 455 456 457 458 459 459 459 460 461 461 462 606 463 464 465 466 467 468 469 470 476 471 472 473 474 475 477 478 480 481 479 482 284 485 422 483 484 486 487 488 489 490 491 280 492 493 493 493 320 494 606 142 66 143 130 130 8 127 9 131 145 146 152 153 147 95 153 149 150 151 149 150 151 157 158 159 154 156 155 160 161 162 163 164 164 164 164 164 164 164 280 164 165 166 167 168 169 169 8 170 171 172 607 168 179 166 169 180 181 182 183 184 185 187 188 189 186 190 191 192 193 194 195 196 197 197 197 198 199 202 163 207 206 208 209 240 241 243 210 245 248 249 195 160 355 241 392 401 450 497 451 452 197 9 498 499 500 501 504 505 506 503 9 507 507 507 507 507 509 516 511 10 511 514 515 159 517 10 518 519 520 520 521 69 521 522 523 523 524 524 524 524 526 526 526 527 88 528 529 530 528 529 530 60 534 87 88 531 60 532 69 70 71 71 60 61 71 71 71 60 71 73 71 73 60 74 75 73 533 535 17 76 15 77 16 17 18 19 20 21 22 23 24 73 71 66 78 60 79 71 25 60 60 61 61 80 70 9 10 26 79 545 609 536 495 496 493 537 538 539 5 6 5 6 5 6 3 4 5 6 34 540 541 542 544 73 73 73 27 28 29 30 52 52 52 52 53 54 54 53 54 54 53 55 55 53 56 56 57 15 16 17 18 19 20 21 22 23 24 25 9 10 26 9 10 11 12 13 153 546 153 153 547 1 2 3 4 1 2 1 2 1 2 5 6 7 8 539 5 6 5 6 5 6 3 4 5 6 34 548 610 610 610 610 550 540 541 542 551 552 551 37 553 554 555 556 557 553 554 611 611 197 197 194 9 558 559 10 560 37 588 588 566 612 588 566 612 588 612 588 612 588 612 567 567 567 588 588 566 612 588 566 612 588 612 588 612 588 612 567 567 567 570 588 588 566 612 588 566 612 588 612 588 612 588 612 588 588 566 612 588 566 612 588 612 588 612 588 612 567 567 567 567 567 567 588 588 566 612 588 566 612 588 612 588 612 588 612 567 567 567 571 571 567 567 567 561 573 573 567 567 567 571 571 567 567 567 562 573 573 567 567 502 567 574 10 563 575 576 576 577 578 578 578 579 578 580 584 581 582 583 583 583 9 10 574 209 586 587 587 5 10 588 589 589 589 589 14 585 590 591 5 589 589 589 589 590 15 16 17 18 19 20 21 22 23 24 9 25 10 26 15 16 17 18 19 20 21 22 23 24 9 25 10 26 15 16 508 17 18 19 20 21 22 23 24 9 25 10 26 5 6 5 6 5 6 3 4 5 6 34 36 32 32 1 2 3 4 1 2 1 2 1 2 5 6 7 8 15 16 17 18 19 20 21 22 23 24 9 25 10 26 27 28 29 30 31 15 16 17 18 19 20 21 22 23 24 25 9 10 26 9 10 11 12 13 615 616 615 616 585 585 14 585 9 10 11 12 13 585 14 585 15 16 17 18 19 20 21 22 23 24 510 25 9 10 26 9 10 11 12 13 585 585 585 585 14 9 10 11 510 12 13 585 14 585 15 16 17 18 19 20 21 22 23 24 25 9 10 26 585 585 37 38 512 513 617 618 619 619 619 619 620 32 5 6 5 6 5 6 3 4 5 6 34 36 32 32 1 2 3 4 1 2 1 2 1 2 5 6 7 8 15 16 17 18 19 20 21 22 25 23 24 9 10 26 27 28 29 30 31 9 10 11 12 13 14 539 15 16 17 18 19 20 25 21 22 23 24 9 10 26 9 10 11 12 13 621 14 9 10 11 12 13 14 32 15 16 17 18 19 20 21 22 23 24 25 9 10 26 15 16 17 18 19 20 21 22 23 24 9 25 10 26 32 9 10 11 12 13 14 622 623 60 63 64 65 65 66 67 624 61 88 626 9 32 628 611 611 10 26 629 629 629 629 630 632 638 639 640 641 641 622 623 60 611 611 534 87 88 531 61 60 69 70 71 71 60 61 71 71 71 60 71 73 71 73 60 74 75 73 17 76 15 77 16 17 18 19 20 21 22 23 24 73 71 60 71 66 78 79 25 60 60 61 61 80 70 26 81 79 73 73 73 9 10 11 12 13 14 9 10 11 12 13 14 15 16 17 18 19 20 21 22 23 24 9 25 10 26 9 10 11 12 13 643 643 14 621 9 10 11 12 13 14 27 28 29 30 52 52 52 52 53 54 54 53 54 54 53 55 55 53 56 56 57 9 10 33 15 16 17 18 19 20 21 22 23 24 9 25 10 26 33 5 6 5 6 5 6 3 4 5 6 34 36 32 32 1 2 3 4 1 2 1 2 1 2 5 6 7 8 33 33 621 33 33 33 33 9 10 11 12 13 14 15 16 17 18 19 20 21 22 23 24 9 25 10 26 9 10 11 12 13 14 9 10 11 12 13 14 15 16 17 18 19 20 21 22 23 24 25 9 10 26 33 33 9 10 11 12 13 14 9 10 11 12 13 621 14 15 16 17 18 19 20 21 22 23 24 9 25 10 26 621 33 9 10 11 12 13 643 14 9 10 11 12 13 14 9 10 11 12 13 14 9 10 11 12 13 14 15 16 17 18 19 20 21 22 23 24 25 9 10 26 27 28 29 30 31 9 10 11 12 13 621 14 9 10 11 12 13 14 9 10 11 12 13 14 9 10 11 12 13 14 9 10 11 12 13 14 9 10 11 12 13 33 14 9 10 11 12 13 14 9 10 11 12 13 14 15 16 17 18 19 20 21 22 23 24 25 9 10 26 9 10 11 12 13 14 5 6 5 6 5 6 3 4 5 6 34 36 32 32 1 2 3 4 1 2 1 2 1 2 5 6 7 8 9 10 11 12 13 14 9 10 11 12 13 14 9 10 11 12 13 14 9 10 11 12 13 14 9 10 11 12 13 14 9 10 11 12 13 14 33 9 10 11 12 13 15 16 17 18 19 20 21 22 23 24 9 25 10 26 14 9 10 11 12 13 14 33 15 16 17 18 19 20 21 22 23 24 9 25 10 26 547 15 16 17 18 19 20 21 22 23 24 9 25 10 26 9 10 11 12 13 14 27 28 29 30 31 15 16 17 18 19 20 21 22 23 24 9 25 10 26 5 6 5 6 5 6 3 4 5 6 34 36 32 32 1 2 3 4 1 2 1 2 1 2 5 6 7 8 15 16 17 18 19 20 21 22 23 24 9 25 10 26 9 10 11 12 13 14 82 83 85 60 63 64 65 65 66 67 624 61 61 9 10 26 87 88 60 69 70 71 71 60 61 71 71 71 60 71 73 71 73 60 74 75 73 17 15 16 17 18 19 20 21 22 23 24 73 71 66 78 79 25 60 71 60 60 61 61 80 70 26 81 89 644 89 89 644 644 79 89 644 89 89 644 644 644 89 89 644 644 89 644 644 644 644 644 644 82 83 85 60 63 64 65 65 66 67 61 61 9 10 26 87 88 60 69 70 71 71 60 61 71 71 71 60 71 73 71 73 60 74 75 73 17 15 16 17 18 19 20 21 22 23 24 73 71 66 78 79 60 25 71 60 60 61 61 80 70 26 81 79 73 73 73 15 16 17 18 19 20 21 22 23 24 25 9 10 26 15 16 17 18 19 20 21 22 23 24 9 25 10 26 9 10 11 12 13 14 32 82 83 32 85 60 63 64 65 65 66 67 61 61 9 10 26 87 88 60 69 70 71 71 60 61 71 71 71 60 71 73 71 73 60 74 75 73 17 15 16 17 18 19 20 21 22 23 24 73 25 71 66 78 79 60 71 60 60 61 61 80 70 26 81 89 644 89 89 644 644 644 644 79 89 89 644 89 89 89 644 89 644 644 644 644 644 644 73 73 73 9 10 11 12 13 14 5 6 5 6 5 6 3 4 5 6 34 36 32 32 1 2 3 4 1 2 1 2 1 2 5 6 7 8 27 28 29 30 52 52 52 52 53 54 54 53 54 54 53 55 55 53 56 56 57 15 16 17 18 19 20 21 22 23 24 9 83 25 82 10 26 85 60 63 64 65 65 66 67 624 61 61 26 87 88 60 69 70 71 71 60 61 71 71 71 60 71 73 71 73 60 74 75 73 17 15 16 17 18 19 20 21 22 23 24 73 71 66 60 78 71 79 60 60 61 25 61 80 70 26 81 79 73 73 73 15 16 17 18 19 20 21 22 23 24 9 25 10 26 15 16 17 18 19 20 21 22 23 24 9 25 10 26 15 16 17 18 19 20 21 22 23 24 9 25 10 26 32 17 60 61 61 62 9 60 63 10 26 64 65 65 66 67 68 69 70 71 71 60 61 71 71 71 60 71 73 71 73 60 74 75 73 17 76 15 77 16 17 18 19 20 21 22 23 24 73 71 66 60 25 78 79 71 60 60 61 61 80 70 26 79 81 73 73 73 27 28 29 30 31 15 16 17 18 19 20 21 22 23 24 9 25 10 26 15 16 17 18 19 20 21 22 23 24 9 25 10 26 15 16 17 18 19 20 21 22 23 24 9 25 10 26 5 6 5 6 5 6 3 4 5 525 6 34 36 437 36 36 32 32 1 2 3 4 1 2 1 2 1 2 5 6 7 8 169 169 8 170 171 172 168 179 166 169 180 181 182 183 186 184 185 187 188 189 190 193 191 192 194 195 196 197 197 197 198 199 202 207 206 208 163 209 245 210 240 241 243 248 249 195 160 355 241 392 401 450 9 498 497 451 452 197 499 500 501 504 505 506 507 507 507 507 507 9 535 516 10 503 509 517 511 511 514 515 159 10 518 519 520 520 521 69 521 522 523 523 524 524 524 524 526 526 526 527 88 528 529 530 528 529 530 60 534 87 88 531 60 532 69 533 70 71 71 60 61 71 71 71 60 71 73 71 73 60 74 75 73 17 76 15 77 16 17 18 19 20 21 22 23 24 73 71 66 78 79 60 71 25 60 60 61 61 80 70 9 10 26 89 79 89 89 644 89 644 644 644 545 644 645 645 646 647 648 649 609 644 89 89 89 644 644 536 537 538 539 5 6 5 6 5 6 3 4 5 6 34 644 644 540 541 542 544 644 644 9 10 11 12 13 153 153 546 153 547 1 2 3 4 1 2 1 2 1 2 5 6 7 8 539 5 6 5 6 5 6 3 4 5 6 34 548 650 650 650 650 550 540 541 542 551 552 551 37 553 554 555 556 557 553 554 651 651 197 197 194 9 558 559 10 560 37 561 562 563 588 588 566 612 588 566 612 588 612 588 612 588 612 588 588 566 612 588 566 612 588 612 588 612 588 612 567 567 567 567 567 567 588 588 566 612 588 566 612 588 612 588 612 588 612 567 567 567 588 588 566 612 588 566 612 588 612 588 612 588 612 567 567 567 588 588 566 612 588 566 612 588 612 588 612 588 612 567 567 567 573 573 567 567 567 571 571 567 567 567 570 571 571 567 567 567 573 573 567 567 567 574 588 588 10 575 576 576 577 578 578 578 579 578 584 9 89 580 581 582 583 583 583 89 10 89 644 644 73 73 73 89 89 89 644 644 574 209 586 587 587 644 5 10 588 589 589 589 589 644 14 585 585 590 591 5 589 589 589 589 590 585 585 9 10 11 12 13 14 585 585 585 585 585 585 9 10 11 12 13 621 14 585 27 28 29 30 652 652 652 652 54 54 54 54 55 55 56 56 57 585 585 169 169 8 170 171 607 172 168 179 169 180 181 166 182 183 186 653 184 185 187 188 189 190 193 191 192 194 195 196 197 197 197 198 199 202 163 207 206 208 209 245 210 240 241 243 248 249 195 160 355 241 392 401 450 497 10 451 452 197 499 9 500 498 501 503 509 511 511 9 504 505 10 506 514 515 159 507 507 507 507 507 516 517 10 518 519 520 520 521 69 521 522 523 523 524 524 524 524 526 526 526 527 88 528 529 530 528 529 530 60 88 531 534 87 532 60 69 70 71 71 60 61 71 71 71 60 71 73 71 73 60 74 75 73 533 17 76 535 79 15 77 16 17 18 19 20 21 22 23 24 73 71 66 78 79 60 71 25 60 60 61 61 80 70 9 10 26 545 645 645 646 647 648 609 649 536 537 538 539 5 6 5 6 5 6 3 4 5 6 34 540 541 542 544 543 9 10 11 12 13 153 546 153 153 547 1 2 3 4 1 2 1 2 1 2 5 6 7 8 539 5 6 5 6 5 6 3 4 5 6 34 548 654 654 654 654 550 540 541 542 551 552 551 37 553 554 553 554 555 556 557 651 651 493 493 491 197 197 194 9 558 559 10 560 561 562 563 37 588 588 566 612 588 566 612 588 612 588 612 588 612 567 567 567 570 588 588 566 612 588 566 612 588 612 588 612 588 612 588 588 566 612 588 566 612 588 612 588 612 588 612 567 567 567 588 588 566 612 588 566 612 588 612 588 612 588 612 567 567 567 567 567 567 588 588 566 612 588 566 612 588 612 588 612 588 612 575 576 576 567 567 567 571 571 567 567 567 564 556 557 573 573 567 567 567 571 571 567 567 567 573 573 567 567 567 574 10 73 73 73 577 578 578 578 579 578 584 585 9 580 581 582 583 583 583 10 14 574 209 586 587 587 5 10 588 589 589 589 589 585 655 82 83 85 60 63 656 64 61 65 65 66 67 61 9 10 26 437 87 88 60 69 70 71 71 60 61 71 71 71 60 71 73 71 73 60 74 75 73 17 15 16 17 18 19 20 21 22 23 24 73 71 66 60 78 79 71 25 60 60 61 61 80 70 26 81 79 590 591 5 589 589 589 589 590 73 73 73 82 655 83 85 60 63 64 65 65 66 67 61 61 9 10 26 437 87 88 60 69 70 71 71 60 61 71 71 71 60 71 73 71 73 60 74 75 73 82 655 83 79 17 15 85 60 63 64 65 61 437 87 88 60 69 70 71 71 60 61 71 71 71 60 71 73 71 73 60 74 75 73 17 15 16 17 18 19 20 21 22 23 24 73 71 66 60 78 79 71 60 25 60 61 61 80 70 26 81 79 73 73 73 655 82 83 85 60 63 64 65 65 66 67 61 61 9 10 26 437 87 88 60 69 70 71 71 60 61 71 71 71 60 71 73 71 73 60 74 75 73 17 15 16 17 18 19 20 21 22 23 24 73 71 66 60 71 60 60 61 78 79 25 61 80 70 26 81 79 655 82 83 85 60 63 64 65 65 66 67 61 61 26 437 87 88 60 69 70 71 71 60 61 71 71 71 60 71 73 71 73 60 74 75 73 17 15 16 17 18 19 20 21 22 23 24 73 71 66 60 78 79 25 71 60 60 61 61 80 70 26 81 79 73 73 73 655 82 83 85 60 63 64 61 61 65 65 66 67 9 10 26 437 87 88 60 69 70 71 71 60 61 71 71 71 60 71 73 71 73 60 74 75 73 17 15 16 17 18 19 20 21 22 23 24 73 71 66 78 79 60 25 71 60 60 61 61 80 70 26 81 79 73 73 73 655 82 83 85 60 63 656 64 61 61 65 65 66 67 9 10 26 27 437 87 88 60 69 70 71 71 60 61 71 71 71 60 71 73 71 73 60 74 75 73 17 28 29 30 15 16 17 18 19 20 21 22 23 24 73 71 66 78 79 60 71 60 60 61 52 25 52 52 61 80 70 26 52 81 53 54 54 53 54 54 53 55 55 53 56 56 57 79 73 73 73 15 16 17 18 19 20 21 22 23 24 9 25 10 26
15 16 17 18 19 20 21 22 23 24 9 25 10 26 33 5 6 5 6 5 6 3 4 5 6 34 603 36 32 32 1 2 3 4 1 2 1 2 1 2 5 6 7 8 33 33 621 33 33 33 33 9 10 11 12 13 14 15 16 17 18 19 20 21 22 23 24 9 25 10 26 9 10 11 12 13 14 9 10 11 12 13 14
32 17 60 61 61 62 9 60 63 10 26 64 65 65 66 67 68 69 70 71 71 60 61 71 71 71 60 71 73 71 73 60 74 75 73 17 76 15 77 16 17 18 19 20 21 22 23 24 73 71 66 60 25 78 79 71 60 60 61 61 80 70 26 79 81
15 16 17 18 19 20 21 22 23 24 9 25 10 26 15 16 17 18 19 20 21 22 23 24 25 9 10 26 27 28 29 30 31
9 10 11 12 13 14 9 10 11 12 13 14 9 10 11 12 13 14 9 10 11 12 13 14 9 10 11 12 13 33 14 9 10 11 12 13 14 9 10 11 12 13 14 15 16 17 18 19 20 21 22 23 24 25 9 10 26 9 10 11 12 13 14 5 6 5 6 5 6 3 4 5 6 34 603 36 32 32 1 2 3 4 1 2 1 2 1 2 5 6 7 8 9 10 11 12 13 14 9 10 11 12 13 14 9 10 11 12 13 14 9 10 11 12 13 14 9 10 11 12 13 14 9 10 11 12 13 14 33 9 10 11 12 13 15 16 17 18 19 20 21 22 23 24 9 25 10 26 14 9 10 11 12 13 14 33
37 38 597 598 9 10 11 12 13 14 9 10 11 12 13 14 15 16 17 18 19 20 21 22 23 24 9 25 10 26 9 10 11 12 13 14 9 10 11 12 13 14 15 16 17 18 19 20 21 22 23 24 9 25 10 26 27 28 29 30 31